=== LP1 — likwidacja: płaski próg dziennika wobec progów Binance i ceny mark ===
sha256 migawki progów (data/raw/binance_tiers/binance_leverage_tiers.json): 5db817c14ee5fc077d7ae9f325a93c87cd032d3ba24c1ae5ea47c98417608353
sha256 pliku mark (data/raw/mark_1d/mark_1d.parquet): 09047a88f8ebcc85de3bb0ece4789e4c0fdfd0acb62e9c93d3bcaf77a878dc26; treść (kanoniczny CSV): 40ec6acbe50ff4e6dff9b9262a5cda581fa55bb1941216b956a3f1abab2f8385
sha256 pliku last (/home/dantey1/alpha/data/raw/universe_ohlc_full/ohlc_1d.parquet): 0ed37974c2f19a85df61ba32fbbe654726de07fafc13a30fed15e60877519e94; treść (kanoniczny CSV): 0e421807eba7aec1511138c9d8480fafcbaa78343bee701fe04a20f660ef6865

=== 0. PROFIL DANYCH: markPriceKlines 1d wobec ceny ostatniej (klines 1d) ===
[mark] wiersze 50506, symbole 194, dni 2021-01-01 … 2026-06-30, duplikaty (symbol, dzień) 0, NaN 0, wartości ≤ 0 0, high < low 0, high < max(open, close) 0, low > min(open, close) 0
[last] wiersze 50636, symbole 195, dni 2021-01-01 … 2026-06-30, duplikaty (symbol, dzień) 0, NaN 0, wartości ≤ 0 0, high < low 0, high < max(open, close) 0, low > min(open, close) 0
[pokrycie] wspólne (symbol, dzień): 50431; tylko last: 205; tylko mark: 75
[pokrycie] tylko last: 币安人生USDT 61 dni, 2026-04-01 … 2026-05-31
[pokrycie] tylko last: BTCUSDT 9 dni, 2021-07-01 … 2026-06-29
[pokrycie] tylko last: BNBUSDT 9 dni, 2021-07-01 … 2026-06-29
[pokrycie] tylko last: MATICUSDT 8 dni, 2021-07-01 … 2023-02-24
[pokrycie] tylko last: SOLUSDT 8 dni, 2021-07-01 … 2026-06-29
[pokrycie] tylko last: LINKUSDT 8 dni, 2021-07-01 … 2023-02-24
[pokrycie] tylko last: XRPUSDT 8 dni, 2021-07-01 … 2026-06-29
[pokrycie] tylko last: DOTUSDT 6 dni, 2021-07-01 … 2022-07-31
[pokrycie] tylko last: AXSUSDT 6 dni, 2021-07-01 … 2023-02-24
[pokrycie] tylko last: SANDUSDT 6 dni, 2021-07-01 … 2023-02-24
[pokrycie] tylko last: THETAUSDT 5 dni, 2021-07-01 … 2021-07-27
[pokrycie] tylko last: VETUSDT 5 dni, 2021-07-01 … 2021-07-27
[pokrycie] tylko last: CHRUSDT 5 dni, 2021-07-01 … 2021-07-27
[pokrycie] tylko last: RUNEUSDT 5 dni, 2021-07-01 … 2021-07-27
[pokrycie] tylko last: NEARUSDT 3 dni, 2022-10-02 … 2026-06-29
[pokrycie] tylko last: DOGEUSDT 3 dni, 2022-10-02 … 2026-06-29
[pokrycie] tylko last: ETHUSDT 3 dni, 2022-10-02 … 2026-06-29
[pokrycie] tylko last: AVAXUSDT 3 dni, 2022-07-31 … 2023-02-24
[pokrycie] tylko last: ADAUSDT 3 dni, 2022-10-02 … 2026-06-29
[pokrycie] tylko last: 1000SHIBUSDT 2 dni, 2022-10-02 … 2023-02-24
[pokrycie] tylko last: LTCUSDT 2 dni, 2022-10-02 … 2023-02-24
[pokrycie] tylko last: ETCUSDT 2 dni, 2022-10-02 … 2023-02-24
[pokrycie] tylko last: ATOMUSDT 2 dni, 2022-02-08 … 2022-10-02
[pokrycie] tylko last: GMTUSDT 2 dni, 2022-10-02 … 2023-02-24
[pokrycie] tylko last: FTMUSDT 1 dni, 2023-02-24 … 2023-02-24
[pokrycie] tylko last: DYDXUSDT 1 dni, 2023-02-24 … 2023-02-24
[pokrycie] tylko last: FILUSDT 1 dni, 2023-02-24 … 2023-02-24
[pokrycie] tylko last: CHZUSDT 1 dni, 2022-10-02 … 2022-10-02
[pokrycie] tylko last: BSBUSDT 1 dni, 2026-06-29 … 2026-06-29
[pokrycie] tylko last: CRVUSDT 1 dni, 2022-07-31 … 2022-07-31
[pokrycie] tylko last: APTUSDT 1 dni, 2023-02-24 … 2023-02-24
[pokrycie] tylko last: 1000PEPEUSDT 1 dni, 2026-06-29 … 2026-06-29
[pokrycie] tylko last: 1000LUNCUSDT 1 dni, 2022-10-02 … 2022-10-02
[pokrycie] tylko last: APEUSDT 1 dni, 2022-10-02 … 2022-10-02
[pokrycie] tylko last: EOSUSDT 1 dni, 2022-10-02 … 2022-10-02
[pokrycie] tylko last: LABUSDT 1 dni, 2026-06-29 … 2026-06-29
[pokrycie] tylko last: HNTUSDT 1 dni, 2022-10-02 … 2022-10-02
[pokrycie] tylko last: GRTUSDT 1 dni, 2023-02-24 … 2023-02-24
[pokrycie] tylko last: GALAUSDT 1 dni, 2023-02-24 … 2023-02-24
[pokrycie] tylko last: RSRUSDT 1 dni, 2022-10-02 … 2022-10-02
[pokrycie] tylko last: REEFUSDT 1 dni, 2022-10-02 … 2022-10-02
[pokrycie] tylko last: OPUSDT 1 dni, 2023-02-24 … 2023-02-24
[pokrycie] tylko last: ONDOUSDT 1 dni, 2026-06-29 … 2026-06-29
[pokrycie] tylko last: MANAUSDT 1 dni, 2023-02-24 … 2023-02-24
[pokrycie] tylko last: HYPEUSDT 1 dni, 2026-06-29 … 2026-06-29
[pokrycie] tylko last: KLAYUSDT 1 dni, 2022-10-02 … 2022-10-02
[pokrycie] tylko last: RVNUSDT 1 dni, 2022-10-02 … 2022-10-02
[pokrycie] tylko last: TAOUSDT 1 dni, 2026-06-29 … 2026-06-29
[pokrycie] tylko last: SUSHIUSDT 1 dni, 2022-10-02 … 2022-10-02
[pokrycie] tylko last: SUIUSDT 1 dni, 2026-06-29 … 2026-06-29
[pokrycie] tylko last: SKYAIUSDT 1 dni, 2026-06-29 … 2026-06-29
[pokrycie] tylko last: WLDUSDT 1 dni, 2026-06-29 … 2026-06-29
[pokrycie] tylko last: TONUSDT 1 dni, 2026-06-29 … 2026-06-29
[pokrycie] tylko last: XLMUSDT 1 dni, 2026-06-29 … 2026-06-29
[pokrycie] tylko last: ZECUSDT 1 dni, 2026-06-29 … 2026-06-29
[mark/last close] min 0.0063  p0,1 0.7750  p1 0.9985  mediana 1.00000  p99 1.0015  p99,9 1.0035  max 1.1464
[mark/last low] min 0.0053  p0,1 0.7741  p1 0.9998  mediana 1.00073  p99 1.0220  p99,9 1.0849  max 1.3762
[mark/last high] min 0.0556  p0,1 0.7750  p1 0.9887  mediana 0.99963  p99 1.0007  p99,9 1.0145  max 1.6415
[knoty] low_last < low_mark: 48318 z 50431 (mediana różnicy w tych dniach -0.077 %); high_last > high_mark: 42823 (mediana 0.048 %)
[knoty, największe |ln(low_last/low_mark)|] LUNAUSDT 2022-05-13 low_last 0.008 low_mark 4.244e-05 close_last 0.008
[knoty, największe |ln(low_last/low_mark)|] ALPACAUSDT 2025-05-31 low_last 1.19 low_mark 0.0578747 close_last 1.19
[knoty, największe |ln(low_last/low_mark)|] ALPACAUSDT 2025-05-30 low_last 1.19 low_mark 0.0640886 close_last 1.19
[knoty, największe |ln(low_last/low_mark)|] ALPACAUSDT 2025-05-28 low_last 1.19 low_mark 0.0822329 close_last 1.19
[knoty, największe |ln(low_last/low_mark)|] ALPACAUSDT 2025-05-29 low_last 1.19 low_mark 0.0888814 close_last 1.19
[knoty, największe |ln(low_last/low_mark)|] ALPACAUSDT 2025-05-27 low_last 1.19 low_mark 0.0946222 close_last 1.19
[knoty, największe |ln(low_last/low_mark)|] ALPACAUSDT 2025-05-26 low_last 1.19 low_mark 0.106917 close_last 1.19
[knoty, największe |ln(low_last/low_mark)|] LUNAUSDT 2022-05-12 low_last 0.0031 low_mark 0.00028998 close_last 0.008

=== 1. PROGI DEPOZYTU BINANCE (migawka 2026-06-18) wobec płaskiego progu 1/L − 1 % ===
monety w top-20 point-in-time (miesiące 2021-02 … 2026-06): 195; miesięcy: 65
płaski próg dziennika: 2× → 49.000 %, 3× → 32.333 %
BRAK W MIGAWCE (wycofane albo przemianowane; progów nie zgadujemy): 8 → MATICUSDT(29 mies.), EOSUSDT(14 mies.), LUNAUSDT(9 mies.), TOMOUSDT(3 mies.), FRONTUSDT(1 mies.), HNTUSDT(1 mies.), RNDRUSDT(1 mies.), х╕БхоЙф║║чФЯUSDT(1 mies.)

kolumny: symbol | mies. w top-20 | nominał | MMR % | cum USDT | max dźwignia progu | odległość Binance % [2× long, 2× short, 3× long, 3× short] | różnica wobec płaskiego (pp)
BNBUSDT           65    1000  0.500       0.0    75 |  49.749  49.254  32.998  32.670 |  +0.75  +0.25  +0.66  +0.34
BNBUSDT           65   10000  0.600      10.0    50 |  49.799  49.205  33.032  32.638 |  +0.80  +0.20  +0.70  +0.30
BNBUSDT           65  100000  0.600      10.0    50 |  49.708  49.115  32.941  32.548 |  +0.71  +0.12  +0.61  +0.21
BTCUSDT           65    1000  0.400       0.0   150 |  49.799  49.402  33.066  32.802 |  +0.80  +0.40  +0.73  +0.47
BTCUSDT           65   10000  0.400       0.0   150 |  49.799  49.402  33.066  32.802 |  +0.80  +0.40  +0.73  +0.47
BTCUSDT           65  100000  0.400       0.0   150 |  49.799  49.402  33.066  32.802 |  +0.80  +0.40  +0.73  +0.47
ETHUSDT           65    1000  0.400       0.0   150 |  49.799  49.402  33.066  32.802 |  +0.80  +0.40  +0.73  +0.47
ETHUSDT           65   10000  0.400       0.0   150 |  49.799  49.402  33.066  32.802 |  +0.80  +0.40  +0.73  +0.47
ETHUSDT           65  100000  0.400       0.0   150 |  49.799  49.402  33.066  32.802 |  +0.80  +0.40  +0.73  +0.47
XRPUSDT           65    1000  0.500       0.0   100 |  49.749  49.254  32.998  32.670 |  +0.75  +0.25  +0.66  +0.34
XRPUSDT           65   10000  0.500       0.0   100 |  49.749  49.254  32.998  32.670 |  +0.75  +0.25  +0.66  +0.34
XRPUSDT           65  100000  1.000     360.0    50 |  49.859  48.871  33.024  32.370 |  +0.86  -0.13  +0.69  +0.04
SOLUSDT           62    1000  0.500       0.0   100 |  49.749  49.254  32.998  32.670 |  +0.75  +0.25  +0.66  +0.34
SOLUSDT           62   10000  0.500       0.0   100 |  49.749  49.254  32.998  32.670 |  +0.75  +0.25  +0.66  +0.34
SOLUSDT           62  100000  0.650      75.0    75 |  49.748  49.106  32.973  32.547 |  +0.75  +0.11  +0.64  +0.21
DOGEUSDT          61    1000  0.650       0.0    75 |  49.673  49.031  32.897  32.472 |  +0.67  +0.03  +0.56  +0.14
DOGEUSDT          61   10000  0.650       0.0    75 |  49.673  49.031  32.897  32.472 |  +0.67  +0.03  +0.56  +0.14
DOGEUSDT          61  100000  1.000     280.0    50 |  49.778  48.792  32.943  32.290 |  +0.78  -0.21  +0.61  -0.04
ADAUSDT           54    1000  0.500       0.0    75 |  49.749  49.254  32.998  32.670 |  +0.75  +0.25  +0.66  +0.34
ADAUSDT           54   10000  1.000      50.0    50 |  50.000  49.010  33.165  32.508 |  +1.00  +0.01  +0.83  +0.17
ADAUSDT           54  100000  1.500     300.0    40 |  49.543  48.079  32.623  31.658 |  +0.54  -0.92  +0.29  -0.67
LINKUSDT          44    1000  0.500       0.0    75 |  49.749  49.254  32.998  32.670 |  +0.75  +0.25  +0.66  +0.34
LINKUSDT          44   10000  1.000      50.0    50 |  50.000  49.010  33.165  32.508 |  +1.00  +0.01  +0.83  +0.17
LINKUSDT          44  100000  1.000      50.0    50 |  49.545  48.564  32.710  32.063 |  +0.55  -0.44  +0.38  -0.27
AVAXUSDT          40    1000  0.500       0.0    75 |  49.749  49.254  32.998  32.670 |  +0.75  +0.25  +0.66  +0.34
AVAXUSDT          40   10000  0.500       0.0    75 |  49.749  49.254  32.998  32.670 |  +0.75  +0.25  +0.66  +0.34
AVAXUSDT          40  100000  1.500     525.0    40 |  49.772  48.300  32.851  31.880 |  +0.77  -0.70  +0.52  -0.45
1000PEPEUSDT      33    1000  0.650       0.0    75 |  49.673  49.031  32.897  32.472 |  +0.67  +0.03  +0.56  +0.14
1000PEPEUSDT      33   10000  0.650       0.0    75 |  49.673  49.031  32.897  32.472 |  +0.67  +0.03  +0.56  +0.14
1000PEPEUSDT      33  100000  1.000      70.0    50 |  49.566  48.584  32.731  32.083 |  +0.57  -0.42  +0.40  -0.25
LTCUSDT           33    1000  0.500       0.0    75 |  49.749  49.254  32.998  32.670 |  +0.75  +0.25  +0.66  +0.34
LTCUSDT           33   10000  1.000      50.0    50 |  50.000  49.010  33.165  32.508 |  +1.00  +0.01  +0.83  +0.17
LTCUSDT           33  100000  1.500     300.0    40 |  49.543  48.079  32.623  31.658 |  +0.54  -0.92  +0.29  -0.67
SUIUSDT           27    1000  1.000       0.0    75 |  49.495  48.515  32.660  32.013 |  +0.49  -0.49  +0.33  -0.32
SUIUSDT           27   10000  1.000       0.0    75 |  49.495  48.515  32.660  32.013 |  +0.49  -0.49  +0.33  -0.32
SUIUSDT           27  100000  1.500     100.0    50 |  49.340  47.882  32.420  31.461 |  +0.34  -1.12  +0.09  -0.87
1000SHIBUSDT      25    1000  0.650       0.0    75 |  49.673  49.031  32.897  32.472 |  +0.67  +0.03  +0.56  +0.14
1000SHIBUSDT      25   10000  0.650       0.0    75 |  49.673  49.031  32.897  32.472 |  +0.67  +0.03  +0.56  +0.14
1000SHIBUSDT      25  100000  1.000      87.5    50 |  49.583  48.601  32.748  32.100 |  +0.58  -0.40  +0.41  -0.23
BCHUSDT           19    1000  0.500       0.0    75 |  49.749  49.254  32.998  32.670 |  +0.75  +0.25  +0.66  +0.34
BCHUSDT           19   10000  1.000      50.0    50 |  50.000  49.010  33.165  32.508 |  +1.00  +0.01  +0.83  +0.17
BCHUSDT           19  100000  1.500     550.0    40 |  49.797  48.325  32.876  31.905 |  +0.80  -0.67  +0.54  -0.43
DOTUSDT           19    1000  0.650       0.0    75 |  49.673  49.031  32.897  32.472 |  +0.67  +0.03  +0.56  +0.14
DOTUSDT           19   10000  1.000      35.0    50 |  49.848  48.861  33.013  32.360 |  +0.85  -0.14  +0.68  +0.03
DOTUSDT           19  100000  2.000     785.0    25 |  49.781  47.828  32.774  31.489 |  +0.78  -1.17  +0.44  -0.84
FTMUSDT           18    1000  0.600       0.0    10 |  49.698  49.105  32.931  32.538 |  +0.70  +0.11  +0.60  +0.20
FTMUSDT           18   10000  1.000      20.0     9 |  49.697  48.713  32.862  32.211 |  +0.70  -0.29  +0.53  -0.12
FTMUSDT           18  100000  2.000     670.0     7 |  49.663  47.716  32.656  31.376 |  +0.66  -1.28  +0.32  -0.96
FILUSDT           17    1000  0.600       0.0    75 |  49.698  49.105  32.931  32.538 |  +0.70  +0.11  +0.60  +0.20
FILUSDT           17   10000  0.600       0.0    75 |  49.698  49.105  32.931  32.538 |  +0.70  +0.11  +0.60  +0.20
FILUSDT           17  100000  1.000     200.0    50 |  49.697  48.713  32.862  32.211 |  +0.70  -0.29  +0.53  -0.12
ETCUSDT           16    1000  0.500       0.0    75 |  49.749  49.254  32.998  32.670 |  +0.75  +0.25  +0.66  +0.34
ETCUSDT           16   10000  1.000      50.0    50 |  50.000  49.010  33.165  32.508 |  +1.00  +0.01  +0.83  +0.17
ETCUSDT           16  100000  2.000     700.0    25 |  49.694  47.745  32.687  31.405 |  +0.69  -1.25  +0.35  -0.93
WIFUSDT           16    1000  1.000       0.0    75 |  49.495  48.515  32.660  32.013 |  +0.49  -0.49  +0.33  -0.32
WIFUSDT           16   10000  2.000      75.0    25 |  49.745  47.794  32.738  31.454 |  +0.74  -1.21  +0.40  -0.88
WIFUSDT           16  100000  3.330    1155.0    15 |  49.472  46.284  32.232  30.154 |  +0.47  -2.72  -0.10  -2.18
WLDUSDT           16    1000  1.000       0.0    75 |  49.495  48.515  32.660  32.013 |  +0.49  -0.49  +0.33  -0.32
WLDUSDT           16   10000  1.000       0.0    75 |  49.495  48.515  32.660  32.013 |  +0.49  -0.49  +0.33  -0.32
WLDUSDT           16  100000  1.500     100.0    50 |  49.340  47.882  32.420  31.461 |  +0.34  -1.12  +0.09  -0.87
NEARUSDT          15    1000  1.000       0.0    75 |  49.495  48.515  32.660  32.013 |  +0.49  -0.49  +0.33  -0.32
NEARUSDT          15   10000  1.000       0.0    75 |  49.495  48.515  32.660  32.013 |  +0.49  -0.49  +0.33  -0.32
NEARUSDT          15  100000  1.500     100.0    50 |  49.340  47.882  32.420  31.461 |  +0.34  -1.12  +0.09  -0.87
OPUSDT            13    1000  0.600       0.0    75 |  49.698  49.105  32.931  32.538 |  +0.70  +0.11  +0.60  +0.20
OPUSDT            13   10000  1.000      40.0    50 |  49.899  48.911  33.064  32.409 |  +0.90  -0.09  +0.73  +0.08
OPUSDT            13  100000  2.000     690.0    25 |  49.684  47.735  32.677  31.395 |  +0.68  -1.26  +0.34  -0.94
ENAUSDT           12    1000  1.000       0.0    75 |  49.495  48.515  32.660  32.013 |  +0.49  -0.49  +0.33  -0.32
ENAUSDT           12   10000  1.000       0.0    75 |  49.495  48.515  32.660  32.013 |  +0.49  -0.49  +0.33  -0.32
ENAUSDT           12  100000  1.500     100.0    50 |  49.340  47.882  32.420  31.461 |  +0.34  -1.12  +0.09  -0.87
HYPEUSDT          11    1000  1.000       0.0    75 |  49.495  48.515  32.660  32.013 |  +0.49  -0.49  +0.33  -0.32
HYPEUSDT          11   10000  1.000       0.0    75 |  49.495  48.515  32.660  32.013 |  +0.49  -0.49  +0.33  -0.32
HYPEUSDT          11  100000  1.500     100.0    50 |  49.340  47.882  32.420  31.461 |  +0.34  -1.12  +0.09  -0.87
ORDIUSDT          11    1000  1.000       0.0    75 |  49.495  48.515  32.660  32.013 |  +0.49  -0.49  +0.33  -0.32
ORDIUSDT          11   10000  2.000      75.0    25 |  49.745  47.794  32.738  31.454 |  +0.74  -1.21  +0.40  -0.88
ORDIUSDT          11  100000  5.000    1450.0    10 |  48.895  44.238  31.351  28.365 |  -0.11  -4.76  -0.98  -3.97
SANDUSDT          11    1000  1.000       0.0    75 |  49.495  48.515  32.660  32.013 |  +0.49  -0.49  +0.33  -0.32
SANDUSDT          11   10000  2.000      75.0    25 |  49.745  47.794  32.738  31.454 |  +0.74  -1.21  +0.40  -0.88
SANDUSDT          11  100000  3.330    1155.0    15 |  49.472  46.284  32.232  30.154 |  +0.47  -2.72  -0.10  -2.18
ARBUSDT           10    1000  0.600       0.0    75 |  49.698  49.105  32.931  32.538 |  +0.70  +0.11  +0.60  +0.20
ARBUSDT           10   10000  1.000      20.0    50 |  49.697  48.713  32.862  32.211 |  +0.70  -0.29  +0.53  -0.12
ARBUSDT           10  100000  2.000     770.0    20 |  49.765  47.814  32.759  31.474 |  +0.77  -1.19  +0.43  -0.86
AXSUSDT           10    1000  1.000       0.0    75 |  49.495  48.515  32.660  32.013 |  +0.49  -0.49  +0.33  -0.32
AXSUSDT           10   10000  2.000      75.0    25 |  49.745  47.794  32.738  31.454 |  +0.74  -1.21  +0.40  -0.88
AXSUSDT           10  100000  5.000    1450.0    10 |  48.895  44.238  31.351  28.365 |  -0.11  -4.76  -0.98  -3.97
APEUSDT            9    1000  1.500       0.0    50 |  49.239  47.783  32.318  31.363 |  +0.24  -1.22  -0.02  -0.97
APEUSDT            9   10000  2.500      75.0    20 |  49.487  47.073  32.393  30.813 |  +0.49  -1.93  +0.06  -1.52
APEUSDT            9  100000 10.000    3825.0     5 |  48.694  39.841  30.176  24.689 |  -0.31  -9.16  -2.16  -7.64
GALAUSDT           9    1000  1.000       0.0    75 |  49.495  48.515  32.660  32.013 |  +0.49  -0.49  +0.33  -0.32
GALAUSDT           9   10000  2.000      75.0    25 |  49.745  47.794  32.738  31.454 |  +0.74  -1.21  +0.40  -0.88
GALAUSDT           9  100000  5.000    1450.0    10 |  48.895  44.238  31.351  28.365 |  -0.11  -4.76  -0.98  -3.97
GMTUSDT            9    1000  1.500       0.0    50 |  49.239  47.783  32.318  31.363 |  +0.24  -1.22  -0.02  -0.97
GMTUSDT            9   10000  5.000     300.0    10 |  50.526  45.714  32.982  29.841 |  +1.53  -3.29  +0.65  -2.49
GMTUSDT            9  100000 12.500    2550.0     4 |  45.771  35.600  26.724  20.785 |  -3.23 -13.40  -5.61 -11.55
UNIUSDT            9    1000  0.600       0.0    75 |  49.698  49.105  32.931  32.538 |  +0.70  +0.11  +0.60  +0.20
UNIUSDT            9   10000  1.000      40.0    50 |  49.899  48.911  33.064  32.409 |  +0.90  -0.09  +0.73  +0.08
UNIUSDT            9  100000  2.000     790.0    25 |  49.786  47.833  32.779  31.493 |  +0.79  -1.17  +0.45  -0.84
XLMUSDT            9    1000  1.000       0.0    75 |  49.495  48.515  32.660  32.013 |  +0.49  -0.49  +0.33  -0.32
XLMUSDT            9   10000  1.500      50.0    50 |  49.746  48.276  32.826  31.856 |  +0.75  -0.72  +0.49  -0.48
XLMUSDT            9  100000  2.000     550.0    25 |  49.541  47.598  32.534  31.258 |  +0.54  -1.40  +0.20  -1.08
APTUSDT            8    1000  1.000       0.0    75 |  49.495  48.515  32.660  32.013 |  +0.49  -0.49  +0.33  -0.32
APTUSDT            8   10000  1.500      50.0    50 |  49.746  48.276  32.826  31.856 |  +0.75  -0.72  +0.49  -0.48
APTUSDT            8  100000  2.000     550.0    25 |  49.541  47.598  32.534  31.258 |  +0.54  -1.40  +0.20  -1.08
ATOMUSDT           8    1000  0.600       0.0    75 |  49.698  49.105  32.931  32.538 |  +0.70  +0.11  +0.60  +0.20
ATOMUSDT           8   10000  1.000      40.0    50 |  49.899  48.911  33.064  32.409 |  +0.90  -0.09  +0.73  +0.08
ATOMUSDT           8  100000  2.000     690.0    25 |  49.684  47.735  32.677  31.395 |  +0.68  -1.26  +0.34  -0.94
CHZUSDT            8    1000  1.000       0.0    75 |  49.495  48.515  32.660  32.013 |  +0.49  -0.49  +0.33  -0.32
CHZUSDT            8   10000  2.000      75.0    25 |  49.745  47.794  32.738  31.454 |  +0.74  -1.21  +0.40  -0.88
CHZUSDT            8  100000  5.000    1450.0    10 |  48.895  44.238  31.351  28.365 |  -0.11  -4.76  -0.98  -3.97
DYDXUSDT           8    1000  1.000       0.0    75 |  49.495  48.515  32.660  32.013 |  +0.49  -0.49  +0.33  -0.32
DYDXUSDT           8   10000  2.000      75.0    25 |  49.745  47.794  32.738  31.454 |  +0.74  -1.21  +0.40  -0.88
DYDXUSDT           8  100000  5.000    1450.0    10 |  48.895  44.238  31.351  28.365 |  -0.11  -4.76  -0.98  -3.97
FARTCOINUSDT       8    1000  1.000       0.0    75 |  49.495  48.515  32.660  32.013 |  +0.49  -0.49  +0.33  -0.32
FARTCOINUSDT       8   10000  2.000      75.0    25 |  49.745  47.794  32.738  31.454 |  +0.74  -1.21  +0.40  -0.88
FARTCOINUSDT       8  100000  5.000    1450.0    10 |  48.895  44.238  31.351  28.365 |  -0.11  -4.76  -0.98  -3.97
ZECUSDT            8    1000  1.000       0.0    75 |  49.495  48.515  32.660  32.013 |  +0.49  -0.49  +0.33  -0.32
ZECUSDT            8   10000  1.000       0.0    75 |  49.495  48.515  32.660  32.013 |  +0.49  -0.49  +0.33  -0.32
ZECUSDT            8  100000  1.500     100.0    50 |  49.340  47.882  32.420  31.461 |  +0.34  -1.12  +0.09  -0.87
AAVEUSDT           7    1000  1.000       0.0    75 |  49.495  48.515  32.660  32.013 |  +0.49  -0.49  +0.33  -0.32
AAVEUSDT           7   10000  1.000       0.0    75 |  49.495  48.515  32.660  32.013 |  +0.49  -0.49  +0.33  -0.32
AAVEUSDT           7  100000  1.500     250.0    50 |  49.492  48.030  32.572  31.609 |  +0.49  -0.97  +0.24  -0.72
TIAUSDT            7    1000  1.000       0.0    75 |  49.495  48.515  32.660  32.013 |  +0.49  -0.49  +0.33  -0.32
TIAUSDT            7   10000  1.500      50.0    50 |  49.746  48.276  32.826  31.856 |  +0.75  -0.72  +0.49  -0.48
TIAUSDT            7  100000  2.000     550.0    25 |  49.541  47.598  32.534  31.258 |  +0.54  -1.40  +0.20  -1.08
TRBUSDT            7    1000  1.500       0.0    50 |  49.239  47.783  32.318  31.363 |  +0.24  -1.22  -0.02  -0.97
TRBUSDT            7   10000  2.500      75.0    20 |  49.487  47.073  32.393  30.813 |  +0.49  -1.93  +0.06  -1.52
TRBUSDT            7  100000 10.000    3825.0     5 |  48.694  39.841  30.176  24.689 |  -0.31  -9.16  -2.16  -7.64
TRUMPUSDT          7    1000  1.000       0.0    75 |  49.495  48.515  32.660  32.013 |  +0.49  -0.49  +0.33  -0.32
TRUMPUSDT          7   10000  1.500      25.0    50 |  49.492  48.030  32.572  31.609 |  +0.49  -0.97  +0.24  -0.72
TRUMPUSDT          7  100000  2.500     625.0    20 |  49.359  46.951  32.265  30.691 |  +0.36  -2.05  -0.07  -1.64
TRXUSDT            7    1000  0.650       0.0    75 |  49.673  49.031  32.897  32.472 |  +0.67  +0.03  +0.56  +0.14
TRXUSDT            7   10000  1.000      35.0    50 |  49.848  48.861  33.013  32.360 |  +0.85  -0.14  +0.68  +0.03
TRXUSDT            7  100000  1.500     485.0    40 |  49.731  48.261  32.810  31.841 |  +0.73  -0.74  +0.48  -0.49
WAVESUSDT          7    1000  1.500       0.0    21 |  49.239  47.783  32.318  31.363 |  +0.24  -1.22  -0.02  -0.97
WAVESUSDT          7   10000  2.500      50.0    20 |  49.231  46.829  32.137  30.569 |  +0.23  -2.17  -0.20  -1.76
WAVESUSDT          7  100000  5.000    1300.0    10 |  48.737  44.095  31.193  28.222 |  -0.26  -4.90  -1.14  -4.11
MANAUSDT           6    1000  1.000       0.0    75 |  49.495  48.515  32.660  32.013 |  +0.49  -0.49  +0.33  -0.32
MANAUSDT           6   10000  2.000      75.0    25 |  49.745  47.794  32.738  31.454 |  +0.74  -1.21  +0.40  -0.88
MANAUSDT           6  100000  5.000    1450.0    10 |  48.895  44.238  31.351  28.365 |  -0.11  -4.76  -0.98  -3.97
MASKUSDT           6    1000  1.500       0.0    50 |  49.239  47.783  32.318  31.363 |  +0.24  -1.22  -0.02  -0.97
MASKUSDT           6   10000  5.000     300.0    10 |  50.526  45.714  32.982  29.841 |  +1.53  -3.29  +0.65  -2.49
MASKUSDT           6  100000 12.500    2550.0     4 |  45.771  35.600  26.724  20.785 |  -3.23 -13.40  -5.61 -11.55
SUSHIUSDT          6    1000  1.000       0.0    75 |  49.495  48.515  32.660  32.013 |  +0.49  -0.49  +0.33  -0.32
SUSHIUSDT          6   10000  2.000      75.0    25 |  49.745  47.794  32.738  31.454 |  +0.74  -1.21  +0.40  -0.88
SUSHIUSDT          6  100000  5.000    1450.0    10 |  48.895  44.238  31.351  28.365 |  -0.11  -4.76  -0.98  -3.97
1000BONKUSDT       5    1000  1.000       0.0    75 |  49.495  48.515  32.660  32.013 |  +0.49  -0.49  +0.33  -0.32
1000BONKUSDT       5   10000  1.000       0.0    75 |  49.495  48.515  32.660  32.013 |  +0.49  -0.49  +0.33  -0.32
1000BONKUSDT       5  100000  1.500     100.0    50 |  49.340  47.882  32.420  31.461 |  +0.34  -1.12  +0.09  -0.87
BOMEUSDT           5    1000  1.500       0.0    50 |  49.239  47.783  32.318  31.363 |  +0.24  -1.22  -0.02  -0.97
BOMEUSDT           5   10000  5.000     300.0    10 |  50.526  45.714  32.982  29.841 |  +1.53  -3.29  +0.65  -2.49
BOMEUSDT           5  100000 12.500    2550.0     4 |  45.771  35.600  26.724  20.785 |  -3.23 -13.40  -5.61 -11.55
CRVUSDT            5    1000  0.650       0.0    75 |  49.673  49.031  32.897  32.472 |  +0.67  +0.03  +0.56  +0.14
CRVUSDT            5   10000  1.000      35.0    50 |  49.848  48.861  33.013  32.360 |  +0.85  -0.14  +0.68  +0.03
CRVUSDT            5  100000  2.000     685.0    25 |  49.679  47.730  32.672  31.391 |  +0.68  -1.27  +0.34  -0.94
NEIROUSDT          5    1000  1.500       0.0    50 |  49.239  47.783  32.318  31.363 |  +0.24  -1.22  -0.02  -0.97
NEIROUSDT          5   10000  5.000     300.0    10 |  50.526  45.714  32.982  29.841 |  +1.53  -3.29  +0.65  -2.49
NEIROUSDT          5  100000 12.500    2550.0     4 |  45.771  35.600  26.724  20.785 |  -3.23 -13.40  -5.61 -11.55
PEOPLEUSDT         5    1000  1.500       0.0    50 |  49.239  47.783  32.318  31.363 |  +0.24  -1.22  -0.02  -0.97
PEOPLEUSDT         5   10000  5.000     300.0    10 |  50.526  45.714  32.982  29.841 |  +1.53  -3.29  +0.65  -2.49
PEOPLEUSDT         5  100000 12.500    2550.0     4 |  45.771  35.600  26.724  20.785 |  -3.23 -13.40  -5.61 -11.55
PNUTUSDT           5    1000  1.500       0.0    50 |  49.239  47.783  32.318  31.363 |  +0.24  -1.22  -0.02  -0.97
PNUTUSDT           5   10000  5.000     300.0    10 |  50.526  45.714  32.982  29.841 |  +1.53  -3.29  +0.65  -2.49
PNUTUSDT           5  100000 12.500    2550.0     4 |  45.771  35.600  26.724  20.785 |  -3.23 -13.40  -5.61 -11.55
UNFIUSDT           5    1000  2.500       0.0    11 |  48.718  46.341  31.624  30.081 |  -0.28  -2.66  -0.71  -2.25
UNFIUSDT           5   10000  2.500       0.0    11 |  48.718  46.341  31.624  30.081 |  -0.28  -2.66  -0.71  -2.25
UNFIUSDT           5  100000 10.000    5625.0     5 |  50.694  41.477  32.176  26.326 |  +1.69  -7.52  -0.16  -6.01
1000FLOKIUSDT      4    1000  1.000       0.0    75 |  49.495  48.515  32.660  32.013 |  +0.49  -0.49  +0.33  -0.32
1000FLOKIUSDT      4   10000  2.000      75.0    25 |  49.745  47.794  32.738  31.454 |  +0.74  -1.21  +0.40  -0.88
1000FLOKIUSDT      4  100000  3.330    1155.0    15 |  49.472  46.284  32.232  30.154 |  +0.47  -2.72  -0.10  -2.18
CFXUSDT            4    1000  1.000       0.0    75 |  49.495  48.515  32.660  32.013 |  +0.49  -0.49  +0.33  -0.32
CFXUSDT            4   10000  2.000      75.0    25 |  49.745  47.794  32.738  31.454 |  +0.74  -1.21  +0.40  -0.88
CFXUSDT            4  100000  3.330    1155.0    15 |  49.472  46.284  32.232  30.154 |  +0.47  -2.72  -0.10  -2.18
PIPPINUSDT         4    1000  2.000       0.0    25 |  48.980  47.059  31.973  30.719 |  -0.02  -1.94  -0.36  -1.61
PIPPINUSDT         4   10000  5.000     275.0    10 |  50.263  45.476  32.719  29.603 |  +1.26  -3.52  +0.39  -2.73
PIPPINUSDT         4  100000 16.670    6695.0     3 |  48.032  34.306  28.031  20.021 |  -0.97 -14.69  -4.30 -12.31
PUMPUSDT           4    1000  1.000       0.0    75 |  49.495  48.515  32.660  32.013 |  +0.49  -0.49  +0.33  -0.32
PUMPUSDT           4   10000  1.000       0.0    75 |  49.495  48.515  32.660  32.013 |  +0.49  -0.49  +0.33  -0.32
PUMPUSDT           4  100000  1.500     100.0    50 |  49.340  47.882  32.420  31.461 |  +0.34  -1.12  +0.09  -0.87
RUNEUSDT           4    1000  1.000       0.0    75 |  49.495  48.515  32.660  32.013 |  +0.49  -0.49  +0.33  -0.32
RUNEUSDT           4   10000  2.000      75.0    25 |  49.745  47.794  32.738  31.454 |  +0.74  -1.21  +0.40  -0.88
RUNEUSDT           4  100000  5.000    1450.0    10 |  48.895  44.238  31.351  28.365 |  -0.11  -4.76  -0.98  -3.97
TAOUSDT            4    1000  1.000       0.0    75 |  49.495  48.515  32.660  32.013 |  +0.49  -0.49  +0.33  -0.32
TAOUSDT            4   10000  1.500      50.0    50 |  49.746  48.276  32.826  31.856 |  +0.75  -0.72  +0.49  -0.48
TAOUSDT            4  100000  2.000     550.0    25 |  49.541  47.598  32.534  31.258 |  +0.54  -1.40  +0.20  -1.08
1000LUNCUSDT       3    1000  1.000       0.0    75 |  49.495  48.515  32.660  32.013 |  +0.49  -0.49  +0.33  -0.32
1000LUNCUSDT       3   10000  2.000      75.0    25 |  49.745  47.794  32.738  31.454 |  +0.74  -1.21  +0.40  -0.88
1000LUNCUSDT       3  100000  5.000    1450.0    10 |  48.895  44.238  31.351  28.365 |  -0.11  -4.76  -0.98  -3.97
1000SATSUSDT       3    1000  1.500       0.0    50 |  49.239  47.783  32.318  31.363 |  +0.24  -1.22  -0.02  -0.97
1000SATSUSDT       3   10000  2.500      75.0    20 |  49.487  47.073  32.393  30.813 |  +0.49  -1.93  +0.06  -1.52
1000SATSUSDT       3  100000 10.000    3825.0     5 |  48.694  39.841  30.176  24.689 |  -0.31  -9.16  -2.16  -7.64
ASTERUSDT          3    1000  1.000       0.0    75 |  49.495  48.515  32.660  32.013 |  +0.49  -0.49  +0.33  -0.32
ASTERUSDT          3   10000  1.000       0.0    75 |  49.495  48.515  32.660  32.013 |  +0.49  -0.49  +0.33  -0.32
ASTERUSDT          3  100000  1.500     100.0    50 |  49.340  47.882  32.420  31.461 |  +0.34  -1.12  +0.09  -0.87
GRTUSDT            3    1000  1.000       0.0    75 |  49.495  48.515  32.660  32.013 |  +0.49  -0.49  +0.33  -0.32
GRTUSDT            3   10000  2.000      75.0    25 |  49.745  47.794  32.738  31.454 |  +0.74  -1.21  +0.40  -0.88
GRTUSDT            3  100000  5.000    1450.0    10 |  48.895  44.238  31.351  28.365 |  -0.11  -4.76  -0.98  -3.97
INJUSDT            3    1000  1.000       0.0    75 |  49.495  48.515  32.660  32.013 |  +0.49  -0.49  +0.33  -0.32
INJUSDT            3   10000  1.500      50.0    50 |  49.746  48.276  32.826  31.856 |  +0.75  -0.72  +0.49  -0.48
INJUSDT            3  100000  2.000     450.0    25 |  49.439  47.500  32.432  31.160 |  +0.44  -1.50  +0.10  -1.17
LINAUSDT           3    1000  2.500       0.0     7 |  48.718  46.341  31.624  30.081 |  -0.28  -2.66  -0.71  -2.25
LINAUSDT           3   10000  2.500       0.0     7 |  48.718  46.341  31.624  30.081 |  -0.28  -2.66  -0.71  -2.25
LINAUSDT           3  100000  5.000     625.0     6 |  48.026  43.452  30.482  27.579 |  -0.97  -5.55  -1.85  -4.75
NOTUSDT            3    1000  1.500       0.0    50 |  49.239  47.783  32.318  31.363 |  +0.24  -1.22  -0.02  -0.97
NOTUSDT            3   10000  5.000     300.0    10 |  50.526  45.714  32.982  29.841 |  +1.53  -3.29  +0.65  -2.49
NOTUSDT            3  100000 12.500    2550.0     4 |  45.771  35.600  26.724  20.785 |  -3.23 -13.40  -5.61 -11.55
PAXGUSDT           3    1000  1.000       0.0    75 |  49.495  48.515  32.660  32.013 |  +0.49  -0.49  +0.33  -0.32
PAXGUSDT           3   10000  2.000      75.0    25 |  49.745  47.794  32.738  31.454 |  +0.74  -1.21  +0.40  -0.88
PAXGUSDT           3  100000  3.333    1158.0    15 |  49.474  46.282  32.233  30.153 |  +0.47  -2.72  -0.10  -2.18
REEFUSDT           3    1000  2.000       0.0    10 |  48.980  47.059  31.973  30.719 |  -0.02  -1.94  -0.36  -1.61
REEFUSDT           3   10000  2.000       0.0    10 |  48.980  47.059  31.973  30.719 |  -0.02  -1.94  -0.36  -1.61
REEFUSDT           3  100000  5.000     725.0     6 |  48.132  43.548  30.588  27.675 |  -0.87  -5.45  -1.75  -4.66
RIVERUSDT          3    1000  1.500       0.0    50 |  49.239  47.783  32.318  31.363 |  +0.24  -1.22  -0.02  -0.97
RIVERUSDT          3   10000  5.000     300.0    10 |  50.526  45.714  32.982  29.841 |  +1.53  -3.29  +0.65  -2.49
RIVERUSDT          3  100000 12.500    2550.0     4 |  45.771  35.600  26.724  20.785 |  -3.23 -13.40  -5.61 -11.55
STORJUSDT          3    1000  1.500       0.0    50 |  49.239  47.783  32.318  31.363 |  +0.24  -1.22  -0.02  -0.97
STORJUSDT          3   10000  2.500      75.0    20 |  49.487  47.073  32.393  30.813 |  +0.49  -1.93  +0.06  -1.52
STORJUSDT          3  100000 10.000    3825.0     5 |  48.694  39.841  30.176  24.689 |  -0.31  -9.16  -2.16  -7.64
THETAUSDT          3    1000  1.000       0.0    75 |  49.495  48.515  32.660  32.013 |  +0.49  -0.49  +0.33  -0.32
THETAUSDT          3   10000  2.000      75.0    25 |  49.745  47.794  32.738  31.454 |  +0.74  -1.21  +0.40  -0.88
THETAUSDT          3  100000  3.330    1155.0    15 |  49.472  46.284  32.232  30.154 |  +0.47  -2.72  -0.10  -2.18
VETUSDT            3    1000  0.600       0.0    75 |  49.698  49.105  32.931  32.538 |  +0.70  +0.11  +0.60  +0.20
VETUSDT            3   10000  1.000      20.0    50 |  49.697  48.713  32.862  32.211 |  +0.70  -0.29  +0.53  -0.12
VETUSDT            3  100000  2.000     345.0    25 |  49.332  47.397  32.325  31.057 |  +0.33  -1.60  -0.01  -1.28
ZILUSDT            3    1000  1.000       0.0    75 |  49.495  48.515  32.660  32.013 |  +0.49  -0.49  +0.33  -0.32
ZILUSDT            3   10000  2.000      75.0    25 |  49.745  47.794  32.738  31.454 |  +0.74  -1.21  +0.40  -0.88
ZILUSDT            3  100000  5.000    1450.0    10 |  48.895  44.238  31.351  28.365 |  -0.11  -4.76  -0.98  -3.97
1MBABYDOGEUSDT     2    1000  1.000       0.0    75 |  49.495  48.515  32.660  32.013 |  +0.49  -0.49  +0.33  -0.32
1MBABYDOGEUSDT     2   10000  2.000      75.0    25 |  49.745  47.794  32.738  31.454 |  +0.74  -1.21  +0.40  -0.88
1MBABYDOGEUSDT     2  100000  5.000    1450.0    10 |  48.895  44.238  31.351  28.365 |  -0.11  -4.76  -0.98  -3.97
ALICEUSDT          2    1000  1.500       0.0    50 |  49.239  47.783  32.318  31.363 |  +0.24  -1.22  -0.02  -0.97
ALICEUSDT          2   10000  5.000     300.0    10 |  50.526  45.714  32.982  29.841 |  +1.53  -3.29  +0.65  -2.49
ALICEUSDT          2  100000 12.500    2550.0     4 |  45.771  35.600  26.724  20.785 |  -3.23 -13.40  -5.61 -11.55
ARKUSDT            2    1000  2.000       0.0    40 |  48.980  47.059  31.973  30.719 |  -0.02  -1.94  -0.36  -1.61
ARKUSDT            2   10000  5.000     275.0    10 |  50.263  45.476  32.719  29.603 |  +1.26  -3.52  +0.39  -2.73
ARKUSDT            2  100000 16.670    6945.0     3 |  48.332  34.520  28.331  20.235 |  -0.67 -14.48  -4.00 -12.10
BLZUSDT            2    1000  2.500       0.0    10 |  48.718  46.341  31.624  30.081 |  -0.28  -2.66  -0.71  -2.25
BLZUSDT            2   10000  2.500       0.0    10 |  48.718  46.341  31.624  30.081 |  -0.28  -2.66  -0.71  -2.25
BLZUSDT            2  100000 10.000    5625.0     5 |  50.694  41.477  32.176  26.326 |  +1.69  -7.52  -0.16  -6.01
CHRUSDT            2    1000  1.500       0.0    50 |  49.239  47.783  32.318  31.363 |  +0.24  -1.22  -0.02  -0.97
CHRUSDT            2   10000  2.500      75.0    20 |  49.487  47.073  32.393  30.813 |  +0.49  -1.93  +0.06  -1.52
CHRUSDT            2  100000 10.000    3825.0     5 |  48.694  39.841  30.176  24.689 |  -0.31  -9.16  -2.16  -7.64
DASHUSDT           2    1000  1.000       0.0    75 |  49.495  48.515  32.660  32.013 |  +0.49  -0.49  +0.33  -0.32
DASHUSDT           2   10000  2.000      75.0    25 |  49.745  47.794  32.738  31.454 |  +0.74  -1.21  +0.40  -0.88
DASHUSDT           2  100000  3.330    1155.0    15 |  49.472  46.284  32.232  30.154 |  +0.47  -2.72  -0.10  -2.18
ENJUSDT            2    1000  1.500       0.0    50 |  49.239  47.783  32.318  31.363 |  +0.24  -1.22  -0.02  -0.97
ENJUSDT            2   10000  2.500      75.0    20 |  49.487  47.073  32.393  30.813 |  +0.49  -1.93  +0.06  -1.52
ENJUSDT            2  100000 10.000    3825.0     5 |  48.694  39.841  30.176  24.689 |  -0.31  -9.16  -2.16  -7.64
HBARUSDT           2    1000  1.000       0.0    75 |  49.495  48.515  32.660  32.013 |  +0.49  -0.49  +0.33  -0.32
HBARUSDT           2   10000  1.500      50.0    50 |  49.746  48.276  32.826  31.856 |  +0.75  -0.72  +0.49  -0.48
HBARUSDT           2  100000  2.000     450.0    25 |  49.439  47.500  32.432  31.160 |  +0.44  -1.50  +0.10  -1.17
KAITOUSDT          2    1000  1.000       0.0    75 |  49.495  48.515  32.660  32.013 |  +0.49  -0.49  +0.33  -0.32
KAITOUSDT          2   10000  2.000      75.0    25 |  49.745  47.794  32.738  31.454 |  +0.74  -1.21  +0.40  -0.88
KAITOUSDT          2  100000  5.000    1450.0    10 |  48.895  44.238  31.351  28.365 |  -0.11  -4.76  -0.98  -3.97
KNCUSDT            2    1000  1.500       0.0    50 |  49.239  47.783  32.318  31.363 |  +0.24  -1.22  -0.02  -0.97
KNCUSDT            2   10000  2.500      75.0    20 |  49.487  47.073  32.393  30.813 |  +0.49  -1.93  +0.06  -1.52
KNCUSDT            2  100000 10.000    3825.0     5 |  48.694  39.841  30.176  24.689 |  -0.31  -9.16  -2.16  -7.64
LDOUSDT            2    1000  0.600       0.0    75 |  49.698  49.105  32.931  32.538 |  +0.70  +0.11  +0.60  +0.20
LDOUSDT            2   10000  1.000      20.0    50 |  49.697  48.713  32.862  32.211 |  +0.70  -0.29  +0.53  -0.12
LDOUSDT            2  100000  2.000     670.0    25 |  49.663  47.716  32.656  31.376 |  +0.66  -1.28  +0.32  -0.96
MKRUSDT            2    1000  0.600       0.0    75 |  49.698  49.105  32.931  32.538 |  +0.70  +0.11  +0.60  +0.20
MKRUSDT            2   10000  1.000      20.0    50 |  49.697  48.713  32.862  32.211 |  +0.70  -0.29  +0.53  -0.12
MKRUSDT            2  100000  2.000     545.0    25 |  49.536  47.593  32.529  31.253 |  +0.54  -1.41  +0.20  -1.08
MOODENGUSDT        2    1000  1.500       0.0    50 |  49.239  47.783  32.318  31.363 |  +0.24  -1.22  -0.02  -0.97
MOODENGUSDT        2   10000  2.500      75.0    20 |  49.487  47.073  32.393  30.813 |  +0.49  -1.93  +0.06  -1.52
MOODENGUSDT        2  100000 10.000    3825.0     5 |  48.694  39.841  30.176  24.689 |  -0.31  -9.16  -2.16  -7.64
MTLUSDT            2    1000  1.500       0.0    50 |  49.239  47.783  32.318  31.363 |  +0.24  -1.22  -0.02  -0.97
MTLUSDT            2   10000  5.000     300.0    10 |  50.526  45.714  32.982  29.841 |  +1.53  -3.29  +0.65  -2.49
MTLUSDT            2  100000 12.500    2550.0     4 |  45.771  35.600  26.724  20.785 |  -3.23 -13.40  -5.61 -11.55
MYXUSDT            2    1000  5.000       0.0    10 |  47.368  42.857  29.825  26.984 |  -1.63  -6.14  -2.51  -5.35
MYXUSDT            2   10000 10.000     500.0     5 |  50.000  40.909  31.481  25.758 |  +1.00  -8.09  -0.85  -6.58
MYXUSDT            2  100000 16.670    4919.0     3 |  45.901  32.784  25.900  18.499 |  -3.10 -16.22  -6.43 -13.83
ONDOUSDT           2    1000  1.000       0.0    75 |  49.495  48.515  32.660  32.013 |  +0.49  -0.49  +0.33  -0.32
ONDOUSDT           2   10000  1.500      37.5    50 |  49.619  48.153  32.699  31.732 |  +0.62  -0.85  +0.37  -0.60
ONDOUSDT           2  100000  2.500     487.5    20 |  49.218  46.817  32.124  30.557 |  +0.22  -2.18  -0.21  -1.78
PENGUUSDT          2    1000  1.000       0.0    75 |  49.495  48.515  32.660  32.013 |  +0.49  -0.49  +0.33  -0.32
PENGUUSDT          2   10000  1.000       0.0    75 |  49.495  48.515  32.660  32.013 |  +0.49  -0.49  +0.33  -0.32
PENGUUSDT          2  100000  1.500     100.0    50 |  49.340  47.882  32.420  31.461 |  +0.34  -1.12  +0.09  -0.87
SEIUSDT            2    1000  1.000       0.0    75 |  49.495  48.515  32.660  32.013 |  +0.49  -0.49  +0.33  -0.32
SEIUSDT            2   10000  1.500      37.5    50 |  49.619  48.153  32.699  31.732 |  +0.62  -0.85  +0.37  -0.60
SEIUSDT            2  100000  2.500     487.5    20 |  49.218  46.817  32.124  30.557 |  +0.22  -2.18  -0.21  -1.78
SIRENUSDT          2    1000  4.000      10.0    20 |  48.958  45.192  31.597  29.167 |  -0.04  -3.81  -0.74  -3.17
SIRENUSDT          2   10000 10.000     540.0     5 |  50.444  41.273  31.926  26.121 |  +1.44  -7.73  -0.41  -6.21
SIRENUSDT          2  100000 12.500    1290.0     4 |  44.331  34.480  25.284  19.665 |  -4.67 -14.52  -7.05 -12.67
STMXUSDT           2    1000  2.500       0.0     8 |  48.718  46.341  31.624  30.081 |  -0.28  -2.66  -0.71  -2.25
STMXUSDT           2   10000  2.500       0.0     8 |  48.718  46.341  31.624  30.081 |  -0.28  -2.66  -0.71  -2.25
STMXUSDT           2  100000 10.000    5625.0     5 |  50.694  41.477  32.176  26.326 |  +1.69  -7.52  -0.16  -6.01
TONUSDT            2    1000  1.000       0.0    75 |  49.495  48.515  32.660  32.013 |  +0.49  -0.49  +0.33  -0.32
TONUSDT            2   10000  1.500      50.0    50 |  49.746  48.276  32.826  31.856 |  +0.75  -0.72  +0.49  -0.48
TONUSDT            2  100000  2.000     450.0    25 |  49.439  47.500  32.432  31.160 |  +0.44  -1.50  +0.10  -1.17
XPLUSDT            2    1000  1.000       0.0    75 |  49.495  48.515  32.660  32.013 |  +0.49  -0.49  +0.33  -0.32
XPLUSDT            2   10000  2.000      75.0    25 |  49.745  47.794  32.738  31.454 |  +0.74  -1.21  +0.40  -0.88
XPLUSDT            2  100000  3.330    1155.0    15 |  49.472  46.284  32.232  30.154 |  +0.47  -2.72  -0.10  -2.18
1000RATSUSDT       1    1000  2.000       0.0    40 |  48.980  47.059  31.973  30.719 |  -0.02  -1.94  -0.36  -1.61
1000RATSUSDT       1   10000  5.000     275.0    10 |  50.263  45.476  32.719  29.603 |  +1.26  -3.52  +0.39  -2.73
1000RATSUSDT       1  100000 16.670    6945.0     3 |  48.332  34.520  28.331  20.235 |  -0.67 -14.48  -4.00 -12.10
1INCHUSDT          1    1000  1.000       0.0    75 |  49.495  48.515  32.660  32.013 |  +0.49  -0.49  +0.33  -0.32
1INCHUSDT          1   10000  2.000      75.0    25 |  49.745  47.794  32.738  31.454 |  +0.74  -1.21  +0.40  -0.88
1INCHUSDT          1  100000  5.000    1450.0    10 |  48.895  44.238  31.351  28.365 |  -0.11  -4.76  -0.98  -3.97
AGIXUSDT           1    1000  2.000       0.0    25 |  48.980  47.059  31.973  30.719 |  -0.02  -1.94  -0.36  -1.61
AGIXUSDT           1   10000  2.500      25.0    20 |  48.974  46.585  31.880  30.325 |  -0.03  -2.41  -0.45  -2.01
AGIXUSDT           1  100000  5.000     650.0    10 |  48.053  43.476  30.509  27.603 |  -0.95  -5.52  -1.82  -4.73
AIXBTUSDT          1    1000  1.500       0.0    50 |  49.239  47.783  32.318  31.363 |  +0.24  -1.22  -0.02  -0.97
AIXBTUSDT          1   10000  5.000     300.0    10 |  50.526  45.714  32.982  29.841 |  +1.53  -3.29  +0.65  -2.49
AIXBTUSDT          1  100000 12.500    2550.0     4 |  45.771  35.600  26.724  20.785 |  -3.23 -13.40  -5.61 -11.55
ALGOUSDT           1    1000  1.000       0.0    75 |  49.495  48.515  32.660  32.013 |  +0.49  -0.49  +0.33  -0.32
ALGOUSDT           1   10000  2.000      75.0    25 |  49.745  47.794  32.738  31.454 |  +0.74  -1.21  +0.40  -0.88
ALGOUSDT           1  100000  3.330    1155.0    15 |  49.472  46.284  32.232  30.154 |  +0.47  -2.72  -0.10  -2.18
ALPACAUSDT         1    1000  8.000       0.0     5 |  45.652  38.889  27.536  23.457 |  -3.35 -10.11  -4.80  -8.88
ALPACAUSDT         1   10000  8.000       0.0     5 |  45.652  38.889  27.536  23.457 |  -3.35 -10.11  -4.80  -8.88
ALPACAUSDT         1  100000 10.000    2000.0     4 |  46.667  38.182  28.148  23.030 |  -2.33 -10.82  -4.19  -9.30
ARCUSDT            1    1000  2.500       0.0    20 |  48.718  46.341  31.624  30.081 |  -0.28  -2.66  -0.71  -2.25
ARCUSDT            1   10000 10.000     550.0     5 |  50.556  41.364  32.037  26.212 |  +1.56  -7.64  -0.30  -6.12
ARCUSDT            1  100000 16.670    4969.0     3 |  45.961  32.827  25.960  18.541 |  -3.04 -16.17  -6.37 -13.79
ARIAUSDT           1    1000  5.000       0.0    10 |  47.368  42.857  29.825  26.984 |  -1.63  -6.14  -2.51  -5.35
ARIAUSDT           1   10000 10.000     300.0     5 |  47.778  39.091  29.259  23.939 |  -1.22  -9.91  -3.07  -8.39
ARIAUSDT           1  100000 16.670    5720.0     3 |  46.862  33.470  26.861  19.185 |  -2.14 -15.53  -5.47 -13.15
ARPAUSDT           1    1000  1.500       0.0    50 |  49.239  47.783  32.318  31.363 |  +0.24  -1.22  -0.02  -0.97
ARPAUSDT           1   10000  5.000     300.0    10 |  50.526  45.714  32.982  29.841 |  +1.53  -3.29  +0.65  -2.49
ARPAUSDT           1  100000 12.500    2550.0     4 |  45.771  35.600  26.724  20.785 |  -3.23 -13.40  -5.61 -11.55
AUCTIONUSDT        1    1000  1.500       0.0    50 |  49.239  47.783  32.318  31.363 |  +0.24  -1.22  -0.02  -0.97
AUCTIONUSDT        1   10000  5.000     300.0    10 |  50.526  45.714  32.982  29.841 |  +1.53  -3.29  +0.65  -2.49
AUCTIONUSDT        1  100000 12.500    2550.0     4 |  45.771  35.600  26.724  20.785 |  -3.23 -13.40  -5.61 -11.55
BAKEUSDT           1    1000  5.000       0.0    10 |  47.368  42.857  29.825  26.984 |  -1.63  -6.14  -2.51  -5.35
BAKEUSDT           1   10000  5.000       0.0    10 |  47.368  42.857  29.825  26.984 |  -1.63  -6.14  -2.51  -5.35
BAKEUSDT           1  100000 16.670    6670.0     3 |  48.002  34.285  28.001  19.999 |  -1.00 -14.72  -4.33 -12.33
BANDUSDT           1    1000  1.500       0.0    50 |  49.239  47.783  32.318  31.363 |  +0.24  -1.22  -0.02  -0.97
BANDUSDT           1   10000  2.500      75.0    20 |  49.487  47.073  32.393  30.813 |  +0.49  -1.93  +0.06  -1.52
BANDUSDT           1  100000 10.000    3825.0     5 |  48.694  39.841  30.176  24.689 |  -0.31  -9.16  -2.16  -7.64
BBUSDT             1    1000  1.500       0.0    50 |  49.239  47.783  32.318  31.363 |  +0.24  -1.22  -0.02  -0.97
BBUSDT             1   10000  2.500      75.0    20 |  49.487  47.073  32.393  30.813 |  +0.49  -1.93  +0.06  -1.52
BBUSDT             1  100000 10.000    3825.0     5 |  48.694  39.841  30.176  24.689 |  -0.31  -9.16  -2.16  -7.64
BEATUSDT           1    1000  5.000       0.0    10 |  47.368  42.857  29.825  26.984 |  -1.63  -6.14  -2.51  -5.35
BEATUSDT           1   10000 10.000     500.0     5 |  50.000  40.909  31.481  25.758 |  +1.00  -8.09  -0.85  -6.58
BEATUSDT           1  100000 16.670    4919.0     3 |  45.901  32.784  25.900  18.499 |  -3.10 -16.22  -6.43 -13.83
BELUSDT            1    1000  5.000       0.0    10 |  47.368  42.857  29.825  26.984 |  -1.63  -6.14  -2.51  -5.35
BELUSDT            1   10000 10.000     500.0     5 |  50.000  40.909  31.481  25.758 |  +1.00  -8.09  -0.85  -6.58
BELUSDT            1  100000 16.670    4919.0     3 |  45.901  32.784  25.900  18.499 |  -3.10 -16.22  -6.43 -13.83
BIGTIMEUSDT        1    1000  1.500       0.0    50 |  49.239  47.783  32.318  31.363 |  +0.24  -1.22  -0.02  -0.97
BIGTIMEUSDT        1   10000  5.000     300.0    10 |  50.526  45.714  32.982  29.841 |  +1.53  -3.29  +0.65  -2.49
BIGTIMEUSDT        1  100000 12.500    2550.0     4 |  45.771  35.600  26.724  20.785 |  -3.23 -13.40  -5.61 -11.55
BIOUSDT            1    1000  1.500       0.0    50 |  49.239  47.783  32.318  31.363 |  +0.24  -1.22  -0.02  -0.97
BIOUSDT            1   10000  2.500      75.0    20 |  49.487  47.073  32.393  30.813 |  +0.49  -1.93  +0.06  -1.52
BIOUSDT            1  100000 10.000    3825.0     5 |  48.694  39.841  30.176  24.689 |  -0.31  -9.16  -2.16  -7.64
BLURUSDT           1    1000  1.500       0.0    50 |  49.239  47.783  32.318  31.363 |  +0.24  -1.22  -0.02  -0.97
BLURUSDT           1   10000  5.000     300.0    10 |  50.526  45.714  32.982  29.841 |  +1.53  -3.29  +0.65  -2.49
BLURUSDT           1  100000 12.500    2550.0     4 |  45.771  35.600  26.724  20.785 |  -3.23 -13.40  -5.61 -11.55
BNTUSDT            1    1000  1.500       0.0    50 |  49.239  47.783  32.318  31.363 |  +0.24  -1.22  -0.02  -0.97
BNTUSDT            1   10000  5.000     300.0    10 |  50.526  45.714  32.982  29.841 |  +1.53  -3.29  +0.65  -2.49
BNTUSDT            1  100000 12.500    2550.0     4 |  45.771  35.600  26.724  20.785 |  -3.23 -13.40  -5.61 -11.55
BNXUSDT            1    1000  5.000       0.0     5 |  47.368  42.857  29.825  26.984 |  -1.63  -6.14  -2.51  -5.35
BNXUSDT            1   10000  5.000       0.0     5 |  47.368  42.857  29.825  26.984 |  -1.63  -6.14  -2.51  -5.35
BNXUSDT            1  100000  5.000       0.0     5 |  47.368  42.857  29.825  26.984 |  -1.63  -6.14  -2.51  -5.35
BSBUSDT            1    1000  5.000       0.0    10 |  47.368  42.857  29.825  26.984 |  -1.63  -6.14  -2.51  -5.35
BSBUSDT            1   10000 10.000     500.0     5 |  50.000  40.909  31.481  25.758 |  +1.00  -8.09  -0.85  -6.58
BSBUSDT            1  100000 16.670    5920.0     3 |  47.102  33.642  27.101  19.357 |  -1.90 -15.36  -5.23 -12.98
BULLAUSDT          1    1000  5.000       0.0    10 |  47.368  42.857  29.825  26.984 |  -1.63  -6.14  -2.51  -5.35
BULLAUSDT          1   10000 10.000     500.0     5 |  50.000  40.909  31.481  25.758 |  +1.00  -8.09  -0.85  -6.58
BULLAUSDT          1  100000 16.670    5920.0     3 |  47.102  33.642  27.101  19.357 |  -1.90 -15.36  -5.23 -12.98
CKBUSDT            1    1000  1.500       0.0    50 |  49.239  47.783  32.318  31.363 |  +0.24  -1.22  -0.02  -0.97
CKBUSDT            1   10000  2.500      75.0    20 |  49.487  47.073  32.393  30.813 |  +0.49  -1.93  +0.06  -1.52
CKBUSDT            1  100000 10.000    3825.0     5 |  48.694  39.841  30.176  24.689 |  -0.31  -9.16  -2.16  -7.64
COAIUSDT           1    1000  5.000       0.0    10 |  47.368  42.857  29.825  26.984 |  -1.63  -6.14  -2.51  -5.35
COAIUSDT           1   10000 10.000     500.0     5 |  50.000  40.909  31.481  25.758 |  +1.00  -8.09  -0.85  -6.58
COAIUSDT           1  100000 16.670    4919.0     3 |  45.901  32.784  25.900  18.499 |  -3.10 -16.22  -6.43 -13.83
COMPUSDT           1    1000  1.000       0.0    75 |  49.495  48.515  32.660  32.013 |  +0.49  -0.49  +0.33  -0.32
COMPUSDT           1   10000  2.000      75.0    25 |  49.745  47.794  32.738  31.454 |  +0.74  -1.21  +0.40  -0.88
COMPUSDT           1  100000  3.330    1155.0    15 |  49.472  46.284  32.232  30.154 |  +0.47  -2.72  -0.10  -2.18
CTSIUSDT           1    1000  1.500       0.0    50 |  49.239  47.783  32.318  31.363 |  +0.24  -1.22  -0.02  -0.97
CTSIUSDT           1   10000  2.500      75.0    20 |  49.487  47.073  32.393  30.813 |  +0.49  -1.93  +0.06  -1.52
CTSIUSDT           1  100000 10.000    3825.0     5 |  48.694  39.841  30.176  24.689 |  -0.31  -9.16  -2.16  -7.64
CYBERUSDT          1    1000  1.500       0.0    50 |  49.239  47.783  32.318  31.363 |  +0.24  -1.22  -0.02  -0.97
CYBERUSDT          1   10000  2.500      75.0    15 |  49.487  47.073  32.393  30.813 |  +0.49  -1.93  +0.06  -1.52
CYBERUSDT          1  100000 10.000    3825.0     5 |  48.694  39.841  30.176  24.689 |  -0.31  -9.16  -2.16  -7.64
DOGSUSDT           1    1000  1.500       0.0    50 |  49.239  47.783  32.318  31.363 |  +0.24  -1.22  -0.02  -0.97
DOGSUSDT           1   10000  2.500      75.0    20 |  49.487  47.073  32.393  30.813 |  +0.49  -1.93  +0.06  -1.52
DOGSUSDT           1  100000 10.000    3825.0     5 |  48.694  39.841  30.176  24.689 |  -0.31  -9.16  -2.16  -7.64
EDUUSDT            1    1000  1.500       0.0    50 |  49.239  47.783  32.318  31.363 |  +0.24  -1.22  -0.02  -0.97
EDUUSDT            1   10000  2.500      75.0    20 |  49.487  47.073  32.393  30.813 |  +0.49  -1.93  +0.06  -1.52
EDUUSDT            1  100000 10.000    3825.0     5 |  48.694  39.841  30.176  24.689 |  -0.31  -9.16  -2.16  -7.64
ENSOUSDT           1    1000  1.500       0.0    50 |  49.239  47.783  32.318  31.363 |  +0.24  -1.22  -0.02  -0.97
ENSOUSDT           1   10000  5.000     300.0    10 |  50.526  45.714  32.982  29.841 |  +1.53  -3.29  +0.65  -2.49
ENSOUSDT           1  100000 12.500    2550.0     4 |  45.771  35.600  26.724  20.785 |  -3.23 -13.40  -5.61 -11.55
ETHFIUSDT          1    1000  1.000       0.0    75 |  49.495  48.515  32.660  32.013 |  +0.49  -0.49  +0.33  -0.32
ETHFIUSDT          1   10000  2.000      75.0    25 |  49.745  47.794  32.738  31.454 |  +0.74  -1.21  +0.40  -0.88
ETHFIUSDT          1  100000  3.330    1155.0    15 |  49.472  46.284  32.232  30.154 |  +0.47  -2.72  -0.10  -2.18
FETUSDT            1    1000  1.000       0.0    75 |  49.495  48.515  32.660  32.013 |  +0.49  -0.49  +0.33  -0.32
FETUSDT            1   10000  2.000      75.0    25 |  49.745  47.794  32.738  31.454 |  +0.74  -1.21  +0.40  -0.88
FETUSDT            1  100000  3.330    1155.0    15 |  49.472  46.284  32.232  30.154 |  +0.47  -2.72  -0.10  -2.18
FLMUSDT            1    1000  5.000       0.0    10 |  47.368  42.857  29.825  26.984 |  -1.63  -6.14  -2.51  -5.35
FLMUSDT            1   10000  5.000       0.0    10 |  47.368  42.857  29.825  26.984 |  -1.63  -6.14  -2.51  -5.35
FLMUSDT            1  100000 16.670    6170.0     3 |  47.402  33.856  27.401  19.571 |  -1.60 -15.14  -4.93 -12.76
FOLKSUSDT          1    1000  1.500       0.0    50 |  49.239  47.783  32.318  31.363 |  +0.24  -1.22  -0.02  -0.97
FOLKSUSDT          1   10000  5.000     300.0    10 |  50.526  45.714  32.982  29.841 |  +1.53  -3.29  +0.65  -2.49
FOLKSUSDT          1  100000 12.500    2550.0     4 |  45.771  35.600  26.724  20.785 |  -3.23 -13.40  -5.61 -11.55
FTTUSDT            1    1000  2.500       0.0     8 |  48.718  46.341  31.624  30.081 |  -0.28  -2.66  -0.71  -2.25
FTTUSDT            1   10000  2.500       0.0     8 |  48.718  46.341  31.624  30.081 |  -0.28  -2.66  -0.71  -2.25
FTTUSDT            1  100000 10.000    2875.0     5 |  47.639  38.977  29.120  23.826 |  -1.36 -10.02  -3.21  -8.51
FUNUSDT            1    1000  2.500       0.0    20 |  48.718  46.341  31.624  30.081 |  -0.28  -2.66  -0.71  -2.25
FUNUSDT            1   10000  5.000     125.0    10 |  48.684  44.048  31.140  28.175 |  -0.32  -4.95  -1.19  -4.16
FUNUSDT            1  100000 16.670    6295.0     3 |  47.552  33.963  27.551  19.678 |  -1.45 -15.04  -4.78 -12.66
GASUSDT            1    1000  1.000       0.0    75 |  49.495  48.515  32.660  32.013 |  +0.49  -0.49  +0.33  -0.32
GASUSDT            1   10000  2.000      75.0    25 |  49.745  47.794  32.738  31.454 |  +0.74  -1.21  +0.40  -0.88
GASUSDT            1  100000  5.000    1450.0    10 |  48.895  44.238  31.351  28.365 |  -0.11  -4.76  -0.98  -3.97
GIGGLEUSDT         1    1000  1.500       0.0    50 |  49.239  47.783  32.318  31.363 |  +0.24  -1.22  -0.02  -0.97
GIGGLEUSDT         1   10000  2.500      75.0    20 |  49.487  47.073  32.393  30.813 |  +0.49  -1.93  +0.06  -1.52
GIGGLEUSDT         1  100000 10.000    3825.0     5 |  48.694  39.841  30.176  24.689 |  -0.31  -9.16  -2.16  -7.64
GOATUSDT           1    1000  2.000       0.0    25 |  48.980  47.059  31.973  30.719 |  -0.02  -1.94  -0.36  -1.61
GOATUSDT           1   10000  5.000     275.0    10 |  50.263  45.476  32.719  29.603 |  +1.26  -3.52  +0.39  -2.73
GOATUSDT           1  100000 16.670    6695.0     3 |  48.032  34.306  28.031  20.021 |  -0.97 -14.69  -4.30 -12.31
GUNUSDT            1    1000  1.500       0.0    50 |  49.239  47.783  32.318  31.363 |  +0.24  -1.22  -0.02  -0.97
GUNUSDT            1   10000  5.000     300.0    10 |  50.526  45.714  32.982  29.841 |  +1.53  -3.29  +0.65  -2.49
GUNUSDT            1  100000 12.500    2550.0     4 |  45.771  35.600  26.724  20.785 |  -3.23 -13.40  -5.61 -11.55
HIGHUSDT           1    1000  5.000       0.0    10 |  47.368  42.857  29.825  26.984 |  -1.63  -6.14  -2.51  -5.35
HIGHUSDT           1   10000 10.000     500.0     5 |  50.000  40.909  31.481  25.758 |  +1.00  -8.09  -0.85  -6.58
HIGHUSDT           1  100000 16.670    4919.0     3 |  45.901  32.784  25.900  18.499 |  -3.10 -16.22  -6.43 -13.83
HYPERUSDT          1    1000  1.500       0.0    50 |  49.239  47.783  32.318  31.363 |  +0.24  -1.22  -0.02  -0.97
HYPERUSDT          1   10000  2.500      75.0    20 |  49.487  47.073  32.393  30.813 |  +0.49  -1.93  +0.06  -1.52
HYPERUSDT          1  100000 10.000    3825.0     5 |  48.694  39.841  30.176  24.689 |  -0.31  -9.16  -2.16  -7.64
IDUSDT             1    1000  1.500       0.0    50 |  49.239  47.783  32.318  31.363 |  +0.24  -1.22  -0.02  -0.97
IDUSDT             1   10000  2.500      75.0    20 |  49.487  47.073  32.393  30.813 |  +0.49  -1.93  +0.06  -1.52
IDUSDT             1  100000 10.000    3825.0     5 |  48.694  39.841  30.176  24.689 |  -0.31  -9.16  -2.16  -7.64
IOTXUSDT           1    1000  1.500       0.0    50 |  49.239  47.783  32.318  31.363 |  +0.24  -1.22  -0.02  -0.97
IOTXUSDT           1   10000  2.500      75.0    20 |  49.487  47.073  32.393  30.813 |  +0.49  -1.93  +0.06  -1.52
IOTXUSDT           1  100000 10.000    3825.0     5 |  48.694  39.841  30.176  24.689 |  -0.31  -9.16  -2.16  -7.64
IOUSDT             1    1000  1.500       0.0    50 |  49.239  47.783  32.318  31.363 |  +0.24  -1.22  -0.02  -0.97
IOUSDT             1   10000  5.000     300.0    10 |  50.526  45.714  32.982  29.841 |  +1.53  -3.29  +0.65  -2.49
IOUSDT             1  100000 12.500    2550.0     4 |  45.771  35.600  26.724  20.785 |  -3.23 -13.40  -5.61 -11.55
IPUSDT             1    1000  1.000       0.0    75 |  49.495  48.515  32.660  32.013 |  +0.49  -0.49  +0.33  -0.32
IPUSDT             1   10000  2.000      75.0    25 |  49.745  47.794  32.738  31.454 |  +0.74  -1.21  +0.40  -0.88
IPUSDT             1  100000  3.330    1155.0    15 |  49.472  46.284  32.232  30.154 |  +0.47  -2.72  -0.10  -2.18
JASMYUSDT          1    1000  1.000       0.0    75 |  49.495  48.515  32.660  32.013 |  +0.49  -0.49  +0.33  -0.32
JASMYUSDT          1   10000  2.000      75.0    25 |  49.745  47.794  32.738  31.454 |  +0.74  -1.21  +0.40  -0.88
JASMYUSDT          1  100000  5.000    1450.0    10 |  48.895  44.238  31.351  28.365 |  -0.11  -4.76  -0.98  -3.97
JUPUSDT            1    1000  1.000       0.0    75 |  49.495  48.515  32.660  32.013 |  +0.49  -0.49  +0.33  -0.32
JUPUSDT            1   10000  2.000      75.0    25 |  49.745  47.794  32.738  31.454 |  +0.74  -1.21  +0.40  -0.88
JUPUSDT            1  100000  3.330    1155.0    15 |  49.472  46.284  32.232  30.154 |  +0.47  -2.72  -0.10  -2.18
KLAYUSDT           1    1000  1.500       0.0    50 |  49.239  47.783  32.318  31.363 |  +0.24  -1.22  -0.02  -0.97
KLAYUSDT           1   10000  2.500      50.0    20 |  49.231  46.829  32.137  30.569 |  +0.23  -2.17  -0.20  -1.76
KLAYUSDT           1  100000  5.000    1300.0    10 |  48.737  44.095  31.193  28.222 |  -0.26  -4.90  -1.14  -4.11
KSMUSDT            1    1000  1.500       0.0    50 |  49.239  47.783  32.318  31.363 |  +0.24  -1.22  -0.02  -0.97
KSMUSDT            1   10000  2.500      75.0    20 |  49.487  47.073  32.393  30.813 |  +0.49  -1.93  +0.06  -1.52
KSMUSDT            1  100000 10.000    3825.0     5 |  48.694  39.841  30.176  24.689 |  -0.31  -9.16  -2.16  -7.64
LABUSDT            1    1000  5.000       0.0    10 |  47.368  42.857  29.825  26.984 |  -1.63  -6.14  -2.51  -5.35
LABUSDT            1   10000 10.000     500.0     5 |  50.000  40.909  31.481  25.758 |  +1.00  -8.09  -0.85  -6.58
LABUSDT            1  100000 16.670    4919.0     3 |  45.901  32.784  25.900  18.499 |  -3.10 -16.22  -6.43 -13.83
LAYERUSDT          1    1000  1.500       0.0    50 |  49.239  47.783  32.318  31.363 |  +0.24  -1.22  -0.02  -0.97
LAYERUSDT          1   10000  5.000     300.0    10 |  50.526  45.714  32.982  29.841 |  +1.53  -3.29  +0.65  -2.49
LAYERUSDT          1  100000 12.500    2550.0     4 |  45.771  35.600  26.724  20.785 |  -3.23 -13.40  -5.61 -11.55
LIGHTUSDT          1    1000  5.000       0.0    10 |  47.368  42.857  29.825  26.984 |  -1.63  -6.14  -2.51  -5.35
LIGHTUSDT          1   10000 10.000     500.0     5 |  50.000  40.909  31.481  25.758 |  +1.00  -8.09  -0.85  -6.58
LIGHTUSDT          1  100000 16.670    4919.0     3 |  45.901  32.784  25.900  18.499 |  -3.10 -16.22  -6.43 -13.83
LINEAUSDT          1    1000  1.500       0.0    50 |  49.239  47.783  32.318  31.363 |  +0.24  -1.22  -0.02  -0.97
LINEAUSDT          1   10000  2.500      75.0    20 |  49.487  47.073  32.393  30.813 |  +0.49  -1.93  +0.06  -1.52
LINEAUSDT          1  100000 10.000    3825.0     5 |  48.694  39.841  30.176  24.689 |  -0.31  -9.16  -2.16  -7.64
LPTUSDT            1    1000  1.000       0.0    75 |  49.495  48.515  32.660  32.013 |  +0.49  -0.49  +0.33  -0.32
LPTUSDT            1   10000  2.000      75.0    25 |  49.745  47.794  32.738  31.454 |  +0.74  -1.21  +0.40  -0.88
LPTUSDT            1  100000  5.000    1450.0    10 |  48.895  44.238  31.351  28.365 |  -0.11  -4.76  -0.98  -3.97
LQTYUSDT           1    1000  1.500       0.0    50 |  49.239  47.783  32.318  31.363 |  +0.24  -1.22  -0.02  -0.97
LQTYUSDT           1   10000  2.500      75.0    20 |  49.487  47.073  32.393  30.813 |  +0.49  -1.93  +0.06  -1.52
LQTYUSDT           1  100000 10.000    3825.0     5 |  48.694  39.841  30.176  24.689 |  -0.31  -9.16  -2.16  -7.64
LRCUSDT            1    1000  3.000       0.0    20 |  48.454  45.631  31.271  29.450 |  -0.55  -3.37  -1.06  -2.88
LRCUSDT            1   10000  5.000     200.0    10 |  49.474  44.762  31.930  28.889 |  +0.47  -4.24  -0.40  -3.44
LRCUSDT            1  100000 12.500    3200.0     4 |  46.514  36.178  27.467  21.363 |  -2.49 -12.82  -4.87 -10.97
LUNA2USDT          1    1000  1.500       0.0    50 |  49.239  47.783  32.318  31.363 |  +0.24  -1.22  -0.02  -0.97
LUNA2USDT          1   10000  2.500      75.0    20 |  49.487  47.073  32.393  30.813 |  +0.49  -1.93  +0.06  -1.52
LUNA2USDT          1  100000 10.000    3825.0     5 |  48.694  39.841  30.176  24.689 |  -0.31  -9.16  -2.16  -7.64
MEWUSDT            1    1000  1.500       0.0    50 |  49.239  47.783  32.318  31.363 |  +0.24  -1.22  -0.02  -0.97
MEWUSDT            1   10000  2.500      75.0    20 |  49.487  47.073  32.393  30.813 |  +0.49  -1.93  +0.06  -1.52
MEWUSDT            1  100000 10.000    3825.0     5 |  48.694  39.841  30.176  24.689 |  -0.31  -9.16  -2.16  -7.64
NEIROETHUSDT       1    1000 10.000       0.0     5 |  44.444  36.364  25.926  21.212 |  -4.56 -12.64  -6.41 -11.12
NEIROETHUSDT       1   10000 10.000       0.0     5 |  44.444  36.364  25.926  21.212 |  -4.56 -12.64  -6.41 -11.12
NEIROETHUSDT       1  100000 16.670    5420.0     3 |  46.502  33.213  26.501  18.928 |  -2.50 -15.79  -5.83 -13.41
NEOUSDT            1    1000  1.000       0.0    75 |  49.495  48.515  32.660  32.013 |  +0.49  -0.49  +0.33  -0.32
NEOUSDT            1   10000  2.000      75.0    25 |  49.745  47.794  32.738  31.454 |  +0.74  -1.21  +0.40  -0.88
NEOUSDT            1  100000  5.000    1450.0    10 |  48.895  44.238  31.351  28.365 |  -0.11  -4.76  -0.98  -3.97
OCEANUSDT          1    1000  2.000       0.0    25 |  48.980  47.059  31.973  30.719 |  -0.02  -1.94  -0.36  -1.61
OCEANUSDT          1   10000  2.500      25.0    20 |  48.974  46.585  31.880  30.325 |  -0.03  -2.41  -0.45  -2.01
OCEANUSDT          1  100000  5.000     650.0    10 |  48.053  43.476  30.509  27.603 |  -0.95  -5.52  -1.82  -4.73
OMUSDT             1    1000  3.000       0.0    20 |  48.454  45.631  31.271  29.450 |  -0.55  -3.37  -1.06  -2.88
OMUSDT             1   10000  5.000      40.0    10 |  47.789  43.238  30.246  27.365 |  -1.21  -5.76  -2.09  -4.97
OMUSDT             1  100000 12.500    2290.0     4 |  45.474  35.369  26.427  20.554 |  -3.53 -13.63  -5.91 -11.78
ONEUSDT            1    1000  1.500       0.0    50 |  49.239  47.783  32.318  31.363 |  +0.24  -1.22  -0.02  -0.97
ONEUSDT            1   10000  2.500      75.0    20 |  49.487  47.073  32.393  30.813 |  +0.49  -1.93  +0.06  -1.52
ONEUSDT            1  100000 10.000    3825.0     5 |  48.694  39.841  30.176  24.689 |  -0.31  -9.16  -2.16  -7.64
ONGUSDT            1    1000  1.500       0.0    50 |  49.239  47.783  32.318  31.363 |  +0.24  -1.22  -0.02  -0.97
ONGUSDT            1   10000  5.000     300.0    10 |  50.526  45.714  32.982  29.841 |  +1.53  -3.29  +0.65  -2.49
ONGUSDT            1  100000 12.500    2550.0     4 |  45.771  35.600  26.724  20.785 |  -3.23 -13.40  -5.61 -11.55
PERPUSDT           1    1000  5.000       0.0    10 |  47.368  42.857  29.825  26.984 |  -1.63  -6.14  -2.51  -5.35
PERPUSDT           1   10000 10.000     500.0     5 |  50.000  40.909  31.481  25.758 |  +1.00  -8.09  -0.85  -6.58
PERPUSDT           1  100000 16.670    5920.0     3 |  47.102  33.642  27.101  19.357 |  -1.90 -15.36  -5.23 -12.98
PIXELUSDT          1    1000  1.500       0.0    50 |  49.239  47.783  32.318  31.363 |  +0.24  -1.22  -0.02  -0.97
PIXELUSDT          1   10000  2.500      75.0    20 |  49.487  47.073  32.393  30.813 |  +0.49  -1.93  +0.06  -1.52
PIXELUSDT          1  100000 10.000    3825.0     5 |  48.694  39.841  30.176  24.689 |  -0.31  -9.16  -2.16  -7.64
POPCATUSDT         1    1000  1.500       0.0    50 |  49.239  47.783  32.318  31.363 |  +0.24  -1.22  -0.02  -0.97
POPCATUSDT         1   10000  5.000     300.0    10 |  50.526  45.714  32.982  29.841 |  +1.53  -3.29  +0.65  -2.49
POPCATUSDT         1  100000 12.500    2550.0     4 |  45.771  35.600  26.724  20.785 |  -3.23 -13.40  -5.61 -11.55
POWERUSDT          1    1000  2.500       0.0    20 |  48.718  46.341  31.624  30.081 |  -0.28  -2.66  -0.71  -2.25
POWERUSDT          1   10000 10.000     625.0     5 |  51.389  42.045  32.870  26.894 |  +2.39  -6.95  +0.54  -5.44
POWERUSDT          1  100000 16.670    6045.0     3 |  47.252  33.749  27.251  19.464 |  -1.75 -15.25  -5.08 -12.87
RAREUSDT           1    1000  1.500       0.0    50 |  49.239  47.783  32.318  31.363 |  +0.24  -1.22  -0.02  -0.97
RAREUSDT           1   10000  5.000     300.0    10 |  50.526  45.714  32.982  29.841 |  +1.53  -3.29  +0.65  -2.49
RAREUSDT           1  100000 12.500    2550.0     4 |  45.771  35.600  26.724  20.785 |  -3.23 -13.40  -5.61 -11.55
RAVEUSDT           1    1000  4.000       0.0    20 |  47.917  44.231  30.556  28.205 |  -1.08  -4.77  -1.78  -4.13
RAVEUSDT           1   10000 10.000     550.0     5 |  50.556  41.364  32.037  26.212 |  +1.56  -7.64  -0.30  -6.12
RAVEUSDT           1  100000 16.670    5970.0     3 |  47.162  33.685  27.161  19.399 |  -1.84 -15.32  -5.17 -12.93
RSRUSDT            1    1000  1.000       0.0    75 |  49.495  48.515  32.660  32.013 |  +0.49  -0.49  +0.33  -0.32
RSRUSDT            1   10000  2.000      75.0    25 |  49.745  47.794  32.738  31.454 |  +0.74  -1.21  +0.40  -0.88
RSRUSDT            1  100000  5.000    1450.0    10 |  48.895  44.238  31.351  28.365 |  -0.11  -4.76  -0.98  -3.97
RVNUSDT            1    1000  1.000       0.0    75 |  49.495  48.515  32.660  32.013 |  +0.49  -0.49  +0.33  -0.32
RVNUSDT            1   10000  2.000      75.0    25 |  49.745  47.794  32.738  31.454 |  +0.74  -1.21  +0.40  -0.88
RVNUSDT            1  100000  5.000    1450.0    10 |  48.895  44.238  31.351  28.365 |  -0.11  -4.76  -0.98  -3.97
SKYAIUSDT          1    1000  5.000       0.0    10 |  47.368  42.857  29.825  26.984 |  -1.63  -6.14  -2.51  -5.35
SKYAIUSDT          1   10000 10.000     500.0     5 |  50.000  40.909  31.481  25.758 |  +1.00  -8.09  -0.85  -6.58
SKYAIUSDT          1  100000 16.670    4919.0     3 |  45.901  32.784  25.900  18.499 |  -3.10 -16.22  -6.43 -13.83
SOMIUSDT           1    1000  1.500       0.0    50 |  49.239  47.783  32.318  31.363 |  +0.24  -1.22  -0.02  -0.97
SOMIUSDT           1   10000  5.000     300.0    10 |  50.526  45.714  32.982  29.841 |  +1.53  -3.29  +0.65  -2.49
SOMIUSDT           1  100000 12.500    2550.0     4 |  45.771  35.600  26.724  20.785 |  -3.23 -13.40  -5.61 -11.55
SPKUSDT            1    1000  1.500       0.0    50 |  49.239  47.783  32.318  31.363 |  +0.24  -1.22  -0.02  -0.97
SPKUSDT            1   10000  2.500      75.0    20 |  49.487  47.073  32.393  30.813 |  +0.49  -1.93  +0.06  -1.52
SPKUSDT            1  100000 10.000    3825.0     5 |  48.694  39.841  30.176  24.689 |  -0.31  -9.16  -2.16  -7.64
STOUSDT            1    1000  2.000       0.0    25 |  48.980  47.059  31.973  30.719 |  -0.02  -1.94  -0.36  -1.61
STOUSDT            1   10000  5.000     275.0    10 |  50.263  45.476  32.719  29.603 |  +1.26  -3.52  +0.39  -2.73
STOUSDT            1  100000 16.670    6695.0     3 |  48.032  34.306  28.031  20.021 |  -0.97 -14.69  -4.30 -12.31
STXUSDT            1    1000  1.000       0.0    75 |  49.495  48.515  32.660  32.013 |  +0.49  -0.49  +0.33  -0.32
STXUSDT            1   10000  2.000      75.0    25 |  49.745  47.794  32.738  31.454 |  +0.74  -1.21  +0.40  -0.88
STXUSDT            1  100000  3.330    1155.0    15 |  49.472  46.284  32.232  30.154 |  +0.47  -2.72  -0.10  -2.18
TNSRUSDT           1    1000  1.500       0.0    50 |  49.239  47.783  32.318  31.363 |  +0.24  -1.22  -0.02  -0.97
TNSRUSDT           1   10000  5.000     300.0    10 |  50.526  45.714  32.982  29.841 |  +1.53  -3.29  +0.65  -2.49
TNSRUSDT           1  100000 12.500    2550.0     4 |  45.771  35.600  26.724  20.785 |  -3.23 -13.40  -5.61 -11.55
TURBOUSDT          1    1000  1.000       0.0    75 |  49.495  48.515  32.660  32.013 |  +0.49  -0.49  +0.33  -0.32
TURBOUSDT          1   10000  2.000      75.0    25 |  49.745  47.794  32.738  31.454 |  +0.74  -1.21  +0.40  -0.88
TURBOUSDT          1  100000  5.000    1450.0    10 |  48.895  44.238  31.351  28.365 |  -0.11  -4.76  -0.98  -3.97
UMAUSDT            1    1000  1.500       0.0    50 |  49.239  47.783  32.318  31.363 |  +0.24  -1.22  -0.02  -0.97
UMAUSDT            1   10000  2.500      75.0    20 |  49.487  47.073  32.393  30.813 |  +0.49  -1.93  +0.06  -1.52
UMAUSDT            1  100000 10.000    3825.0     5 |  48.694  39.841  30.176  24.689 |  -0.31  -9.16  -2.16  -7.64
UXLINKUSDT         1    1000 10.000       0.0     5 |  44.444  36.364  25.926  21.212 |  -4.56 -12.64  -6.41 -11.12
UXLINKUSDT         1   10000 10.000       0.0     5 |  44.444  36.364  25.926  21.212 |  -4.56 -12.64  -6.41 -11.12
UXLINKUSDT         1  100000 16.670    5420.0     3 |  46.502  33.213  26.501  18.928 |  -2.50 -15.79  -5.83 -13.41
VIRTUALUSDT        1    1000  1.000       0.0    75 |  49.495  48.515  32.660  32.013 |  +0.49  -0.49  +0.33  -0.32
VIRTUALUSDT        1   10000  2.000      75.0    25 |  49.745  47.794  32.738  31.454 |  +0.74  -1.21  +0.40  -0.88
VIRTUALUSDT        1  100000  3.330    1155.0    15 |  49.472  46.284  32.232  30.154 |  +0.47  -2.72  -0.10  -2.18
VOXELUSDT          1    1000  5.000       0.0    10 |  47.368  42.857  29.825  26.984 |  -1.63  -6.14  -2.51  -5.35
VOXELUSDT          1   10000 10.000     500.0     5 |  50.000  40.909  31.481  25.758 |  +1.00  -8.09  -0.85  -6.58
VOXELUSDT          1  100000 16.670    5920.0     3 |  47.102  33.642  27.101  19.357 |  -1.90 -15.36  -5.23 -12.98
WCTUSDT            1    1000  1.500       0.0    50 |  49.239  47.783  32.318  31.363 |  +0.24  -1.22  -0.02  -0.97
WCTUSDT            1   10000  2.500      75.0    20 |  49.487  47.073  32.393  30.813 |  +0.49  -1.93  +0.06  -1.52
WCTUSDT            1  100000 10.000    3825.0     5 |  48.694  39.841  30.176  24.689 |  -0.31  -9.16  -2.16  -7.64
WLFIUSDT           1    1000  1.000       0.0    75 |  49.495  48.515  32.660  32.013 |  +0.49  -0.49  +0.33  -0.32
WLFIUSDT           1   10000  1.000       0.0    75 |  49.495  48.515  32.660  32.013 |  +0.49  -0.49  +0.33  -0.32
WLFIUSDT           1  100000  1.500     100.0    50 |  49.340  47.882  32.420  31.461 |  +0.34  -1.12  +0.09  -0.87
XMRUSDT            1    1000  1.000       0.0    75 |  49.495  48.515  32.660  32.013 |  +0.49  -0.49  +0.33  -0.32
XMRUSDT            1   10000  2.000      75.0    25 |  49.745  47.794  32.738  31.454 |  +0.74  -1.21  +0.40  -0.88
XMRUSDT            1  100000  3.330    1155.0    15 |  49.472  46.284  32.232  30.154 |  +0.47  -2.72  -0.10  -2.18
XTZUSDT            1    1000  1.000       0.0    75 |  49.495  48.515  32.660  32.013 |  +0.49  -0.49  +0.33  -0.32
XTZUSDT            1   10000  2.000      75.0    25 |  49.745  47.794  32.738  31.454 |  +0.74  -1.21  +0.40  -0.88
XTZUSDT            1  100000  3.330    1155.0    15 |  49.472  46.284  32.232  30.154 |  +0.47  -2.72  -0.10  -2.18
YFIUSDT            1    1000  1.000       0.0    75 |  49.495  48.515  32.660  32.013 |  +0.49  -0.49  +0.33  -0.32
YFIUSDT            1   10000  2.000      75.0    25 |  49.745  47.794  32.738  31.454 |  +0.74  -1.21  +0.40  -0.88
YFIUSDT            1  100000  5.000    1450.0    10 |  48.895  44.238  31.351  28.365 |  -0.11  -4.76  -0.98  -3.97
ZROUSDT            1    1000  1.000       0.0    75 |  49.495  48.515  32.660  32.013 |  +0.49  -0.49  +0.33  -0.32
ZROUSDT            1   10000  2.000      75.0    25 |  49.745  47.794  32.738  31.454 |  +0.74  -1.21  +0.40  -0.88
ZROUSDT            1  100000  5.000    1450.0    10 |  48.895  44.238  31.351  28.365 |  -0.11  -4.76  -0.98  -3.97

podsumowanie: ile monet ma odległość Binance MNIEJSZĄ niż płaski próg (Binance likwiduje wcześniej → nasz model zaniża liczbę likwidacji)
  N=  1000 2× long : mniejsza  39, większa 148, równa   0 z 187; różnica pp min -4.56 mediana +0.24 max +0.80
  N=  1000 2× short: mniejsza 161, większa  26, równa   0 z 187; różnica pp min -12.64 mediana -1.22 max +0.40
  N=  1000 3× long : mniejsza  97, większa  90, równa   0 z 187; różnica pp min -6.41 mediana -0.02 max +0.73
  N=  1000 3× short: mniejsza 161, większa  26, równa   0 z 187; różnica pp min -11.12 mediana -0.97 max +0.47
  N= 10000 2× long : mniejsza  17, większa 170, równa   0 z 187; różnica pp min -4.56 mediana +0.74 max +2.39
  N= 10000 2× short: mniejsza 172, większa  15, równa   0 z 187; różnica pp min -12.64 mediana -1.93 max +0.40
  N= 10000 3× long : mniejsza  35, większa 152, równa   0 z 187; różnica pp min -6.41 mediana +0.40 max +0.83
  N= 10000 3× short: mniejsza 166, większa  21, równa   0 z 187; różnica pp min -11.12 mediana -1.52 max +0.47
  N=100000 2× long : mniejsza 118, większa  69, równa   0 z 187; różnica pp min -4.67 mediana -0.26 max +1.69
  N=100000 2× short: mniejsza 183, większa   4, równa   0 z 187; różnica pp min -16.22 mediana -5.52 max +0.40
  N=100000 3× long : mniejsza 143, większa  44, równa   0 z 187; różnica pp min -7.05 mediana -1.14 max +0.73
  N=100000 3× short: mniejsza 182, większa   5, równa   0 z 187; różnica pp min -13.83 mediana -4.73 max +0.47
zapisano → runs/2026-09-29_lp1-likwidacja-progi-binance/progi_per_moneta.csv

=== 2. PRZEKROCZENIA PROGU: ekstremum ceny ostatniej vs ceny mark ===

--- okno h = 1 d ---
komórki (moneta, dzień wejścia) w koszyku z ceną wejścia: 39421; bez pełnego okna ceny ostatniej: 328; bez pełnego okna mark: 111; ważne: 38982; ważne z progami Binance: 37278
[h=1 2× long] próg płaski 49.000 %; próg Binance N=10 tys. mediana 49.745 % (min 44.444, max 51.389)
    płaski, wszystkie monety   n= 38982  tylko last    7 (monet   7, dni   4)  tylko mark   32 (monet   3, dni  32)  oba   44  żaden 38899
    płaski, monety z progami   n= 37278  tylko last    7 (monet   7, dni   4)  tylko mark   31 (monet   2, dni  31)  oba   39  żaden 37201
    Binance N=10 tys.          n= 37278  tylko last    5 (monet   5, dni   1)  tylko mark   31 (monet   2, dni  31)  oba   38  żaden 37204
    likwidacje na monetach z progami: dziennik (płaski, last) 46; Binance-próg z last 43 (efekt progu -3); płaski z mark 70 (efekt ceny +24); model Binance (Binance-próg, mark) 69 → różnica +23 (+50.0 %)
[h=1 2× short] próg płaski 49.000 %; próg Binance N=10 tys. mediana 47.073 % (min 36.364, max 49.402)
    płaski, wszystkie monety   n= 38982  tylko last    3 (monet   3, dni   3)  tylko mark    0 (monet   0, dni   0)  oba   67  żaden 38912
    płaski, monety z progami   n= 37278  tylko last    3 (monet   3, dni   3)  tylko mark    0 (monet   0, dni   0)  oba   66  żaden 37209
    Binance N=10 tys.          n= 37278  tylko last    5 (monet   5, dni   5)  tylko mark    0 (monet   0, dni   0)  oba   76  żaden 37197
    likwidacje na monetach z progami: dziennik (płaski, last) 69; Binance-próg z last 81 (efekt progu +12); płaski z mark 66 (efekt ceny -3); model Binance (Binance-próg, mark) 76 → różnica +7 (+10.1 %)
[h=1 3× long] próg płaski 32.333 %; próg Binance N=10 tys. mediana 32.738 % (min 25.926, max 33.165)
    płaski, wszystkie monety   n= 38982  tylko last   32 (monet  27, dni  18)  tylko mark   46 (monet   3, dni  46)  oba  136  żaden 38768
    płaski, monety z progami   n= 37278  tylko last   27 (monet  24, dni  17)  tylko mark   45 (monet   2, dni  45)  oba  131  żaden 37075
    Binance N=10 tys.          n= 37278  tylko last   28 (monet  24, dni  18)  tylko mark   45 (monet   2, dni  45)  oba  126  żaden 37079
    likwidacje na monetach z progami: dziennik (płaski, last) 158; Binance-próg z last 154 (efekt progu -4); płaski z mark 176 (efekt ceny +18); model Binance (Binance-próg, mark) 171 → różnica +13 (+8.2 %)
[h=1 3× short] próg płaski 32.333 %; próg Binance N=10 tys. mediana 30.813 % (min 21.212, max 32.802)
    płaski, wszystkie monety   n= 38982  tylko last   10 (monet   8, dni  10)  tylko mark    2 (monet   2, dni   2)  oba  210  żaden 38760
    płaski, monety z progami   n= 37278  tylko last   10 (monet   8, dni  10)  tylko mark    2 (monet   2, dni   2)  oba  203  żaden 37063
    Binance N=10 tys.          n= 37278  tylko last   12 (monet  12, dni  12)  tylko mark    1 (monet   1, dni   1)  oba  242  żaden 37023
    likwidacje na monetach z progami: dziennik (płaski, last) 213; Binance-próg z last 254 (efekt progu +41); płaski z mark 205 (efekt ceny -8); model Binance (Binance-próg, mark) 243 → różnica +30 (+14.1 %)

--- okno h = 7 d ---
komórki (moneta, dzień wejścia) w koszyku z ceną wejścia: 39421; bez pełnego okna ceny ostatniej: 2296; bez pełnego okna mark: 471; ważne: 36654; ważne z progami Binance: 35070
[h=7 2× long] próg płaski 49.000 %; próg Binance N=10 tys. mediana 49.745 % (min 44.444, max 51.389)
    płaski, wszystkie monety   n= 36654  tylko last   29 (monet  18, dni  21)  tylko mark   31 (monet   2, dni  31)  oba  444  żaden 36150
    płaski, monety z progami   n= 35070  tylko last   29 (monet  18, dni  21)  tylko mark   31 (monet   2, dni  31)  oba  432  żaden 34578
    Binance N=10 tys.          n= 35070  tylko last   25 (monet  18, dni  18)  tylko mark   31 (monet   2, dni  31)  oba  409  żaden 34605
    likwidacje na monetach z progami: dziennik (płaski, last) 461; Binance-próg z last 434 (efekt progu -27); płaski z mark 463 (efekt ceny +2); model Binance (Binance-próg, mark) 440 → różnica -21 (-4.6 %)
[h=7 2× short] próg płaski 49.000 %; próg Binance N=10 tys. mediana 47.073 % (min 36.364, max 49.402)
    płaski, wszystkie monety   n= 36654  tylko last   34 (monet  21, dni  32)  tylko mark    1 (monet   1, dni   1)  oba 1071  żaden 35548
    płaski, monety z progami   n= 35070  tylko last   32 (monet  20, dni  30)  tylko mark    1 (monet   1, dni   1)  oba 1037  żaden 34000
    Binance N=10 tys.          n= 35070  tylko last   35 (monet  17, dni  34)  tylko mark    2 (monet   2, dni   2)  oba 1110  żaden 33923
    likwidacje na monetach z progami: dziennik (płaski, last) 1069; Binance-próg z last 1145 (efekt progu +76); płaski z mark 1038 (efekt ceny -31); model Binance (Binance-próg, mark) 1112 → różnica +43 (+4.0 %)
[h=7 3× long] próg płaski 32.333 %; próg Binance N=10 tys. mediana 32.738 % (min 25.926, max 33.165)
    płaski, wszystkie monety   n= 36654  tylko last  156 (monet  59, dni 101)  tylko mark   39 (monet   2, dni  39)  oba 1903  żaden 34556
    płaski, monety z progami   n= 35070  tylko last  140 (monet  55, dni  96)  tylko mark   39 (monet   2, dni  39)  oba 1827  żaden 33064
    Binance N=10 tys.          n= 35070  tylko last  151 (monet  57, dni 106)  tylko mark   39 (monet   2, dni  39)  oba 1746  żaden 33134
    likwidacje na monetach z progami: dziennik (płaski, last) 1967; Binance-próg z last 1897 (efekt progu -70); płaski z mark 1866 (efekt ceny -101); model Binance (Binance-próg, mark) 1785 → różnica -182 (-9.3 %)
[h=7 3× short] próg płaski 32.333 %; próg Binance N=10 tys. mediana 30.813 % (min 21.212, max 32.802)
    płaski, wszystkie monety   n= 36654  tylko last   56 (monet  39, dni  54)  tylko mark    8 (monet   3, dni   8)  oba 2683  żaden 33907
    płaski, monety z progami   n= 35070  tylko last   50 (monet  38, dni  48)  tylko mark    8 (monet   3, dni   8)  oba 2561  żaden 32451
    Binance N=10 tys.          n= 35070  tylko last   40 (monet  32, dni  40)  tylko mark    7 (monet   2, dni   7)  oba 2690  żaden 32333
    likwidacje na monetach z progami: dziennik (płaski, last) 2611; Binance-próg z last 2730 (efekt progu +119); płaski z mark 2569 (efekt ceny -42); model Binance (Binance-próg, mark) 2697 → różnica +86 (+3.3 %)

zapisano 7327 komórek z przekroczeniem → runs/2026-09-29_lp1-likwidacja-progi-binance/przekroczenia.csv

=== REGUŁA DECYZJI (pre-rejestracja): h = 7, long + short, monety z progami ===
2×: dziennik (płaski, last) 1530; Binance (próg, mark) 1552; różnica +22 (+1.4 %; próg decyzji ±10 %) | rozkład: tylko próg +49, tylko cena -29 | komórek (na stronę) 35070; częstość dziennik 2.181 %, Binance 2.213 % pozycji-okien
3×: dziennik (płaski, last) 4578; Binance (próg, mark) 4482; różnica -96 (-2.1 %; próg decyzji ±10 %) | rozkład: tylko próg +49, tylko cena -143 | komórek (na stronę) 35070; częstość dziennik 6.527 %, Binance 6.390 % pozycji-okien

=== ZAKRES (bramka 16b): różnica względna Binance/mark wobec dziennika, h = 7 ===
2×: punkt +1.4 %; bootstrap po 65 miesiącach: mediana +1.3 %, 95 % [-2.4; +6.5] %; P(|różnica| ≥ 10 %) = 0.1 %
    po latach (dziennik → Binance/mark): 2021 423→400 (-5.4 %); 2022 158→163 (+3.2 %); 2023 236→233 (-1.3 %); 2024 201→207 (+3.0 %); 2025 303→335 (+10.6 %); 2026 209→214 (+2.4 %)
3×: punkt -2.1 %; bootstrap po 65 miesiącach: mediana -2.1 %, 95 % [-4.6; +0.5] %; P(|różnica| ≥ 10 %) = 0.0 %
    po latach (dziennik → Binance/mark): 2021 1272→1181 (-7.2 %); 2022 709→701 (-1.1 %); 2023 536→531 (-0.9 %); 2024 862→835 (-3.1 %); 2025 763→790 (+3.5 %); 2026 436→444 (+1.8 %)

=== POST HOC (poza regułą decyzji; h = 7) ===
(a) okna z zamrożoną ceną ostatnią: 67 komórek, monety: ALPACAUSDT, BNXUSDT, FTTUSDT, TONUSDT
    2× N=  1000 long  bez zamrożonych: dziennik 461, Binance/last 453, płaski/mark 432, Binance/mark 424
    2× N=  1000 short bez zamrożonych: dziennik 1064, Binance/last 1107, płaski/mark 1033, Binance/mark 1068
2× N=  1000: wszystkie okna — dziennik 1530, Binance/mark 1529 (-0.1 %) | bez zamrożonych — dziennik 1525, Binance/mark 1492 (-2.2 %); efekt progu +35, efekt ceny -60
    2× N= 10000 long  bez zamrożonych: dziennik 461, Binance/last 434, płaski/mark 432, Binance/mark 409
    2× N= 10000 short bez zamrożonych: dziennik 1064, Binance/last 1140, płaski/mark 1033, Binance/mark 1106
2× N= 10000: wszystkie okna — dziennik 1530, Binance/mark 1552 (+1.4 %) | bez zamrożonych — dziennik 1525, Binance/mark 1515 (-0.7 %); efekt progu +49, efekt ceny -60
    2× N=100000 long  bez zamrożonych: dziennik 461, Binance/last 483, płaski/mark 432, Binance/mark 452
    2× N=100000 short bez zamrożonych: dziennik 1064, Binance/last 1328, płaski/mark 1033, Binance/mark 1301
2× N=100000: wszystkie okna — dziennik 1530, Binance/mark 1793 (+17.2 %) | bez zamrożonych — dziennik 1525, Binance/mark 1753 (+15.0 %); efekt progu +286, efekt ceny -60
    3× N=  1000 long  bez zamrożonych: dziennik 1966, Binance/last 1929, płaski/mark 1826, Binance/mark 1778
    3× N=  1000 short bez zamrożonych: dziennik 2605, Binance/last 2649, płaski/mark 2563, Binance/mark 2627
3× N=  1000: wszystkie okna — dziennik 4578, Binance/mark 4451 (-2.8 %) | bez zamrożonych — dziennik 4571, Binance/mark 4405 (-3.6 %); efekt progu +7, efekt ceny -182
    3× N= 10000 long  bez zamrożonych: dziennik 1966, Binance/last 1896, płaski/mark 1826, Binance/mark 1745
    3× N= 10000 short bez zamrożonych: dziennik 2605, Binance/last 2724, płaski/mark 2563, Binance/mark 2691
3× N= 10000: wszystkie okna — dziennik 4578, Binance/mark 4482 (-2.1 %) | bez zamrożonych — dziennik 4571, Binance/mark 4436 (-3.0 %); efekt progu +49, efekt ceny -182
    3× N=100000 long  bez zamrożonych: dziennik 1966, Binance/last 2149, płaski/mark 1826, Binance/mark 2006
    3× N=100000 short bez zamrożonych: dziennik 2605, Binance/last 3244, płaski/mark 2563, Binance/mark 3197
3× N=100000: wszystkie okna — dziennik 4578, Binance/mark 5257 (+14.8 %) | bez zamrożonych — dziennik 4571, Binance/mark 5203 (+13.8 %); efekt progu +822, efekt ceny -182

=== PRZYPADKI DO PRZELICZENIA RĘCZNEGO (surowe wiersze archiwów) ===
[knot ceny ostatniej (tylko last, płaski próg)] GRTUSDT, wejście 2021-02-21 (L=3, long); MMR 0.02, cum 75.0
    last 2021-02-21: open 2.28141 high 2.4 low 2.19 close 2.30699
    last 2021-02-22: open 2.30685 high 2.44739 low 1.53575 close 2.01874
    mark 2021-02-22: open 2.1144448 high 2.1215491 low 1.5805762 close 2.0209625
    progi: płaski 0.323333, Binance 0.327381; flagi: płaski/last True, płaski/mark False, Binance/last True, Binance/mark False
[zamrożona cena ostatnia (tylko mark, płaski próg)] FTTUSDT, wejście 2022-12-21 (L=2, long); MMR 0.025, cum 0.0
    last 2022-12-21: open 1.59 high 1.59 low 1.59 close 1.59
    last 2022-12-22: open 1.59 high 1.59 low 1.59 close 1.59
    mark 2022-12-22: open 0.875 high 1.1502855 low 0.64420543 close 1.024025
    progi: płaski 0.490000, Binance 0.487179; flagi: płaski/last False, płaski/mark True, Binance/last False, Binance/mark True
[efekt progu (Binance tak, płaski nie; cena ostatnia)] WAVESUSDT, wejście 2022-05-03 (L=3, short); MMR 0.025, cum 50.0
    last 2022-05-03: open 12.491 high 13.188 low 11.8 close 11.96
    last 2022-05-04: open 11.957 high 15.746 low 11.885 close 15.452
    mark 2022-05-04: open 11.96 high 15.748269 low 11.890809 close 15.457204
    progi: płaski 0.323333, Binance 0.305691; flagi: płaski/last False, płaski/mark False, Binance/last True, Binance/mark True

=== DRUGA DROGA (pętla po wierszach, bez funkcji macierzowych) ===
h=7 2×: pętla płaski/last 1530, Binance/mark 1552 | macierz 1530, 1552 → ZGODNE
h=7 3×: pętla płaski/last 4578, Binance/mark 4482 | macierz 4578, 4482 → ZGODNE
h=1 3×: pętla płaski/last 371, Binance/mark 414 | macierz 371, 414 → ZGODNE
