====================================================================================================
T4 — early stopping: sygnal czy szum (zagniezdzony podzial, TYLKO dane treningowe)
====================================================================================================
dane     : 14916 swiec 4h, 2019-09-10 00:00:00+00:00 -> 2026-06-30 20:00:00+00:00
pipeline : bez bramki rezimu, V=3, wagi `balanced`, walk-forward 60/28/28, seed 42
cechy    : ['return_lag_1', 'volume_zscore_20', 'rsi_14', 'price_zscore_20']
produkcja: validation_fraction=0.2, MIN_VALIDATION_ROWS=30, EARLY_STOPPING_ROUNDS=20, num_boost_round=200

====================================================================================================
D0 — FAKTY O KONFIGURACJI PRODUKCYJNEJ
====================================================================================================
  okna: 86 wszystkie, 86 aktywne, 0 pominiete
  n_clean (po dropna i embargu): min 338, mediana 357, max 357
  n_val: min 68, mediana 71, max 71
  okna, w ktorych max(30, .) ZMIENIA n_val: 0/86
  okna z early stoppingiem: 86/86
  liczba drzew (best_iteration+1): min 1, kwartyle 1/2/8, max 37
  okna z < 5 drzewami: 58/86; okna z 200 drzewami: 0/86

  histogram liczby drzew:
          (0, 1] :  38
          (1, 2] :  13
          (2, 5] :  10
         (5, 10] :  10
        (10, 20] :  10
        (20, 50] :   5
       (50, 100] :   0
      (100, 199] :   0
      (199, 200] :   0

  kontrola replikacji decyzji produkcyjnej (moj early stopping == silnik): 86/86 zgodnych

====================================================================================================
D1 — MIARA GLOWNA (f=0.2): strata na wewnetrznym tescie, early stopping vs stala liczba drzew
====================================================================================================
  okien w analizie: 86; wewnetrzny trening mediana 226, walidacja mediana 57, test mediana 71

                    porownanie |   srednia |   mediana |        95% CI sredniej | ES lepszy w
  --------------------------------------------------------------------------------------------
            L(ES) - L(1 drzew) |  +0.02402 |  +0.00000 | [ +0.00931;  +0.03873] |   19/86
           L(ES) - L(10 drzew) |  +0.00767 |  -0.00251 | [ -0.00677;  +0.02211] |   50/86
           L(ES) - L(50 drzew) |  -0.14760 |  -0.12717 | [ -0.17462;  -0.12059] |   81/86
          L(ES) - L(200 drzew) |  -0.61746 |  -0.55200 | [ -0.68294;  -0.55198] |   86/86
          L(ES) - L(wyrocznia) |  +0.03105 |  +0.00326 | [ +0.01696;  +0.04513] |   (>=0 z konstr.)

  poziom odniesienia: srednia strata L(1 drzewo) = 1.09822, L(200) = 1.73970, L(ES) = 1.12224, L(wyrocznia) = 1.09119

====================================================================================================
D2 — CZY ES TRAFIA W LICZBE DRZEW NAJLEPSZA NA NIEWIDZIANYCH DANYCH
====================================================================================================
  Spearman(drzewa ES, drzewa wyroczni) = +0.280 (p = 0.009, n = 86)
          ES: kwartyle 1/4/17, < 5 drzew w 45/86, = 200 w 0/86
   wyrocznia: kwartyle 1/2/6, < 5 drzew w 59/86, = 200 w 0/86

====================================================================================================
D3 — WRAZLIWOSC NA validation_fraction (OBSERWACJA, nie wybor)
====================================================================================================
      f | okien | n_val med | drzewa ES med | L(ES)-L(200) sr. |                 95% CI | L(ES)-L(wyr.) sr.
    0.1 |    86 |        30 |             6 |         -0.53854 | [ -0.60090;  -0.47617] |          +0.05747
    0.2 |    86 |        57 |             4 |         -0.61746 | [ -0.68294;  -0.55198] |          +0.03105
    0.3 |    86 |        85 |             1 |         -0.72051 | [ -0.79341;  -0.64761] |          +0.02398

====================================================================================================
D4 — ABSTYNENCJA na wewnetrznym tescie (f=0.2): udzial przewidywan 'timeout'
====================================================================================================
  przy ES          :  44.39%  CI [41.48%; 47.31%]
  przy 200 drzewach :  61.95%  CI [59.62%; 64.28%]
  roznica ES - 200 : -17.56 pp (mediana -15.49), CI [-20.06; -15.05] pp
  (faktyczny udzial etykiety 'timeout' w wewnetrznym tescie: 64.77%)

====================================================================================================
TABELA PER OKNO (f=0.2)
====================================================================================================
 fold  n_inner_fit  n_inner_val  n_inner_test  trees_es  trees_oracle    L_es  L_oracle     L_1   L_200  abst_es  abst_200
    0          214           53            68         1             2 1.10113   1.09836 1.10113 1.68503  0.54412   0.52941
    1          226           57            71         1             1 1.10324   1.10324 1.10324 1.94013  0.46479   0.70423
    2          226           57            71        12             1 1.17249   1.09927 1.09927 1.89327  0.40845   0.74648
    3          226           57            71        28             7 1.12874   1.08252 1.09317 1.50135  0.52113   0.61972
    4          226           57            71         1             1 1.10650   1.10650 1.10650 2.77714  0.39437   0.61972
    5          226           57            71        58             1 1.20852   1.10023 1.10023 1.54867  0.49296   0.54930
    6          226           57            71         1             2 1.09772   1.09530 1.09772 1.48408  0.40845   0.67606
    7          226           57            71         3             1 1.10281   1.09952 1.09952 2.09624  0.49296   0.63380
    8          226           57            71         4             2 1.09622   1.09412 1.09658 1.67122  0.73239   0.76056
    9          226           57            71         5             1 1.10042   1.09692 1.09692 1.60676  0.64789   0.71831
   10          226           57            71         9             1 1.13355   1.10162 1.10162 1.54180  0.46479   0.69014
   11          226           57            71         1             1 1.10059   1.10059 1.10059 2.12118  0.69014   0.92958
   12          226           57            71         1             1 1.09905   1.09905 1.09905 2.44554  0.30986   0.71831
   13          226           57            71        12             1 1.12637   1.10063 1.10063 1.79396  0.59155   0.69014
   14          226           57            71        11             9 1.07278   1.07107 1.09149 1.48474  0.47887   0.50704
   15          226           57            71        18            35 1.02424   1.00374 1.09007 1.29130  0.39437   0.59155
   16          226           57            71         5             5 1.08864   1.08864 1.09539 1.76603  0.73239   0.77465
   17          226           57            71        13            37 1.04637   1.04336 1.09020 1.24934  0.53521   0.60563
   18          226           57            71        13             4 1.11632   1.09050 1.09476 1.93534  0.56338   0.74648
   19          226           57            71        26             6 1.15219   1.08390 1.09505 1.99530  0.43662   0.77465
   20          226           57            71         2             3 1.09059   1.08902 1.09402 1.69442  0.40845   0.71831
   21          226           57            71         1             1 1.09704   1.09704 1.09704 2.42198  0.53521   0.70423
   22          226           57            71        17             1 1.16188   1.10113 1.10113 2.08492  0.40845   0.64789
   23          226           57            71         1             1 1.10355   1.10355 1.10355 1.90726  0.18310   0.77465
   24          226           57            71         1             1 1.10116   1.10116 1.10116 1.78952  0.43662   0.61972
   25          226           57            71         2             1 1.10430   1.10287 1.10287 1.89903  0.18310   0.43662
   26          226           57            71         1             1 1.10073   1.10073 1.10073 1.93692  0.30986   0.64789
   27          226           57            71         1             4 1.09888   1.09833 1.09888 1.68609  0.25352   0.45070
   28          226           57            71        27            20 1.06762   1.06327 1.09224 1.26595  0.30986   0.57746
   29          226           57            71         1             1 1.09892   1.09892 1.09892 2.20669  0.52113   0.83099
   30          226           57            71         1             2 1.09902   1.09777 1.09902 2.19019  0.45070   0.66197
   31          226           57            71         1             6 1.09428   1.07884 1.09428 1.89546  0.53521   0.67606
   32          226           57            71         9             7 1.09026   1.08792 1.09759 1.62379  0.36620   0.43662
   33          226           57            71         1             1 1.10072   1.10072 1.10072 1.94155  0.50704   0.71831
   34          226           57            71         1             5 1.09751   1.09515 1.09751 1.93053  0.39437   0.57746
   35          226           57            71         4             1 1.13086   1.10833 1.10833 2.39779  0.46479   0.53521
   36          226           57            71        16            13 1.08591   1.08268 1.09523 1.46397  0.46479   0.70423
   37          226           57            71         1            15 1.09124   1.05029 1.09124 1.45496  0.36620   0.53521
   38          226           57            71        30             2 1.21970   1.09678 1.09734 1.54177  0.26761   0.45070
   39          226           57            71        49            23 1.05078   1.02653 1.09712 1.29892  0.33803   0.49296
   40          226           57            71        51             1 1.30977   1.09970 1.09970 1.74406  0.57746   0.73239
   41          226           57            71         4             1 1.10080   1.09698 1.09698 1.93685  0.38028   0.67606
   42          226           57            71        35             1 1.36191   1.10238 1.10238 2.06162  0.30986   0.57746
   43          226           57            71        14            12 1.08813   1.08514 1.10089 1.48850  0.52113   0.57746
   44          226           57            71         4             5 1.09499   1.09419 1.09687 1.62995  0.30986   0.46479
   45          226           57            71        31             1 1.21826   1.09723 1.09723 1.81664  0.54930   0.78873
   46          226           57            71         3             2 1.09348   1.09342 1.09569 1.58833  0.57746   0.60563
   47          226           57            71         1             1 1.10156   1.10156 1.10156 1.35732  0.29577   0.50704
   48          226           57            71         1             1 1.10102   1.10102 1.10102 1.44101  0.54930   0.66197
   49          226           57            71        44            13 1.10969   1.07885 1.09464 1.49104  0.28169   0.56338
   50          226           57            71        47             2 1.23730   1.09811 1.09881 1.66247  0.47887   0.57746
   51          226           57            71        50            12 1.14831   1.09025 1.09674 1.52016  0.46479   0.57746
   52          226           57            71         2             7 1.09216   1.08416 1.09422 1.42630  0.42254   0.52113
   53          226           57            71        22             1 1.16783   1.09997 1.09997 1.75128  0.56338   0.69014
   54          226           57            71         1             4 1.09649   1.09191 1.09649 1.49151  0.46479   0.61972
   55          226           57            71        15            26 1.08328   1.08202 1.09683 1.26832  0.28169   0.69014
   56          226           57            71         1             1 1.09968   1.09968 1.09968 1.54706  0.18310   0.30986
   57          226           57            71         1             1 1.10294   1.10294 1.10294 2.64876  0.56338   0.70423
   58          226           57            71         8             3 1.09785   1.09633 1.09710 1.50627  0.49296   0.69014
   59          226           57            71         1             1 1.10279   1.10279 1.10279 1.88088  0.42254   0.57746
   60          226           57            71        14             1 1.15181   1.10626 1.10626 1.67611  0.53521   0.61972
   61          226           57            71         7             2 1.10858   1.09570 1.09595 1.87104  0.42254   0.43662
   62          226           57            71         1             3 1.09703   1.09556 1.09703 1.62784  0.33803   0.42254
   63          226           57            71         1             3 1.09805   1.09770 1.09805 1.67277  0.21127   0.61972
   64          226           57            71        32            18 1.07309   1.05526 1.09062 1.35117  0.42254   0.61972
   65          226           57            71         7             1 1.14861   1.10451 1.10451 2.27902  0.39437   0.53521
   66          226           57            71        20             1 1.17148   1.10036 1.10036 1.51691  0.47887   0.61972
   67          226           57            71       128             1 1.56696   1.09854 1.09854 1.80742  0.60563   0.63380
   68          226           57            71        20             2 1.16651   1.09868 1.09907 1.62701  0.54930   0.66197
   69          226           57            71        13             1 1.14017   1.09985 1.09985 1.79794  0.47887   0.57746
   70          226           57            71        20             3 1.13931   1.09687 1.09832 1.79348  0.60563   0.76056
   71          226           57            71         4            24 1.08698   1.07185 1.09469 1.50346  0.38028   0.47887
   72          226           57            71         1             7 1.09278   1.07550 1.09278 1.48798  0.40845   0.56338
   73          226           57            71         1             1 1.10261   1.10261 1.10261 1.88824  0.64789   0.60563
   74          226           57            71         1             4 1.09787   1.09600 1.09787 1.66690  0.29577   0.73239
   75          226           57            71         1             1 1.09791   1.09791 1.09791 1.75424  0.25352   0.49296
   76          226           57            71         2            10 1.08491   1.05989 1.09202 1.49929  0.73239   0.71831
   77          226           57            71        32             6 1.14827   1.08934 1.09386 1.60876  0.32394   0.42254
   78          226           57            71        36             6 1.12371   1.08200 1.09415 1.52710  0.53521   0.67606
   79          226           57            71         8             7 1.08614   1.08457 1.09572 1.34305  0.49296   0.57746
   80          226           57            71         1             1 1.09625   1.09625 1.09625 1.59263  0.09859   0.52113
   81          226           57            71         1             5 1.09861   1.09115 1.09861 1.94663  0.22535   0.47887
   82          226           57            71        13             1 1.15613   1.09952 1.09952 1.66021  0.60563   0.61972
   83          226           57            71         1             1 1.10377   1.10377 1.10377 1.93342  0.70423   0.73239
   84          226           57            71         1             1 1.10361   1.10361 1.10361 1.86466  0.42254   0.66197
   85          226           57            71         1             1 1.10016   1.10016 1.10016 1.59816  0.30986   0.59155

real	0m53.702s
user	0m0.000s
sys	0m0.000s
